Generation:  1
Intial popln: 
[0.0, -1.2230479473484903e-12, -1.9796161417454068e-13, 2.594421913261493e-11, -1.1154405830182067e-10, -1.98016216002e-15, 7.949996020291005e-16, 2.3759723445964167e-05, -1.9274076023319524e-06, -1.6715753516218313e-08, 9.492916143311428e-10]
[0.0, -1.2230479473484905e-12, -1.9402217805246734e-13, 2.165808425796388e-11, -1.239378425575785e-10, -1.458119408742e-15, 8.83332891143445e-16, 2.1817927865899146e-05, -1.9274076023319524e-06, -1.1302913722461669e-08, 8.458188283690482e-10]
[0.0, -1.2230479473484903e-12, -1.9598199803279528e-13, 1.7367617766461234e-11, -1.0140368936529151e-10, -1.9603605384197997e-15, 6.504542198419912e-16, 2.1817927865899146e-05, -2.1201483625651477e-06, -1.1302913722461669e-08, 9.397986981878313e-10]
[0.0, -1.2230479473484903e-12, -1.7816545275708662e-13, 2.12270883812304e-11, -1.1154405830182067e-10, -1.782145944018e-15, 7.227269109355458e-16, 2.4242142073221273e-05, -1.908133526308633e-06, -1.1302913722461669e-08, 8.543624528980285e-10]
[0.0, -1.4948363800925997e-12, -1.4287087656590778e-13, 2.165808425796388e-11, -1.3633162681333635e-10, -1.6039313496162e-15, 9.716661802577895e-16, 2.4242142073221273e-05, -1.7346668420987571e-06, -1.367652560417862e-08, 6.920335868474031e-10]
[0.0, -1.358942163720545e-12, -2.1558019783607483e-13, 2.165808425796388e-11, -1.4996478949467e-10, -1.6039313496162e-15, 7.949996020291005e-16, 2.933299190859774e-05, -1.9274076023319524e-06, -1.857305946246479e-08, 7.689262076082257e-10]
[0.0, -1.0006755932851285e-12, -2.1775777559199475e-13, 2.358565375692266e-11, -9.126332042876236e-11, -1.782145944018e-15, 7.949996020291005e-16, 2.933299190859774e-05, -2.1415640025910584e-06, -1.857305946246479e-08, 1.276269837045203e-09]
[0.0, -1.358942163720545e-12, -2.1558019783607483e-13, 1.949227583216749e-11, -1.3633162681333635e-10, -1.458119408742e-15, 8.030299010394954e-16, 2.4242142073221273e-05, -2.591292443135181e-06, -1.1302913722461669e-08, 8.543624528980285e-10]
[0.0, -1.2354019670186771e-12, -2.419530839911053e-13, 2.165808425796388e-11, -1.1267076596143502e-10, -1.8001474182e-15, 7.227269109355458e-16, 2.1817927865899146e-05, -2.850421687448699e-06, -1.1189884585237052e-08, 9.397986981878313e-10]
[0.0, -1.2354019670186771e-12, -2.419530839911053e-13, 2.165808425796388e-11, -1.1154405830182065e-10, -1.8001474182e-15, 8.030299010394954e-16, 2.66663562805434e-05, -2.850421687448699e-06, -1.2433205094707836e-08, 8.458188283690482e-10]

After Selection:
[0.0, -1.2230479473484903e-12, -1.9796161417454068e-13, 2.594421913261493e-11, -1.1154405830182067e-10, -1.98016216002e-15, 7.949996020291005e-16, 2.3759723445964167e-05, -1.9274076023319524e-06, -1.6715753516218313e-08, 9.492916143311428e-10]
[0.0, -1.2230479473484905e-12, -1.9402217805246734e-13, 2.165808425796388e-11, -1.239378425575785e-10, -1.458119408742e-15, 8.83332891143445e-16, 2.1817927865899146e-05, -1.9274076023319524e-06, -1.1302913722461669e-08, 8.458188283690482e-10]
[0.0, -1.2230479473484903e-12, -1.9598199803279528e-13, 1.7367617766461234e-11, -1.0140368936529151e-10, -1.9603605384197997e-15, 6.504542198419912e-16, 2.1817927865899146e-05, -2.1201483625651477e-06, -1.1302913722461669e-08, 9.397986981878313e-10]
[0.0, -1.2230479473484903e-12, -1.7816545275708662e-13, 2.12270883812304e-11, -1.1154405830182067e-10, -1.782145944018e-15, 7.227269109355458e-16, 2.4242142073221273e-05, -1.908133526308633e-06, -1.1302913722461669e-08, 8.543624528980285e-10]
[0.0, -1.4948363800925997e-12, -1.4287087656590778e-13, 2.165808425796388e-11, -1.3633162681333635e-10, -1.6039313496162e-15, 9.716661802577895e-16, 2.4242142073221273e-05, -1.7346668420987571e-06, -1.367652560417862e-08, 6.920335868474031e-10]

After CrossOver:
[0.0, -1.2230479473484903e-12, -1.9796161417454068e-13, 2.594421913261493e-11, -1.1154405830182067e-10, -1.98016216002e-15, 7.949996020291005e-16, 2.3759723445964167e-05, -1.9274076023319524e-06, -1.6715753516218313e-08, 9.492916143311428e-10]
[0.0, -1.2230479473484905e-12, -1.9402217805246734e-13, 2.165808425796388e-11, -1.239378425575785e-10, -1.458119408742e-15, 8.83332891143445e-16, 2.1817927865899146e-05, -1.9274076023319524e-06, -1.1302913722461669e-08, 8.458188283690482e-10]
[0.0, -1.2230479473484903e-12, -1.9598199803279528e-13, 1.7367617766461234e-11, -1.0140368936529151e-10, -1.9603605384197997e-15, 7.227269109355458e-16, 2.4242142073221273e-05, -1.908133526308633e-06, -1.1302913722461669e-08, 8.543624528980285e-10]
[0.0, -1.2230479473484903e-12, -1.7816545275708662e-13, 2.12270883812304e-11, -1.1154405830182067e-10, -1.782145944018e-15, 9.716661802577895e-16, 2.4242142073221273e-05, -1.7346668420987571e-06, -1.367652560417862e-08, 6.920335868474031e-10]
[0.0, -1.4948363800925997e-12, -1.4287087656590778e-13, 2.165808425796388e-11, -1.3633162681333635e-10, -1.6039313496162e-15, 7.949996020291005e-16, 2.3759723445964167e-05, -1.9274076023319524e-06, -1.6715753516218313e-08, 9.492916143311428e-10]
[0.0, -1.2230479473484903e-12, -1.9796161417454068e-13, 2.594421913261493e-11, -1.1154405830182067e-10, -1.98016216002e-15, 8.83332891143445e-16, 2.1817927865899146e-05, -1.9274076023319524e-06, -1.1302913722461669e-08, 8.458188283690482e-10]
[0.0, -1.2230479473484905e-12, -1.9402217805246734e-13, 2.165808425796388e-11, -1.239378425575785e-10, -1.458119408742e-15, 6.504542198419912e-16, 2.1817927865899146e-05, -2.1201483625651477e-06, -1.1302913722461669e-08, 9.397986981878313e-10]
[0.0, -1.2230479473484903e-12, -1.9598199803279528e-13, 1.7367617766461234e-11, -1.0140368936529151e-10, -1.9603605384197997e-15, 7.227269109355458e-16, 2.4242142073221273e-05, -1.908133526308633e-06, -1.1302913722461669e-08, 8.543624528980285e-10]
[0.0, -1.2230479473484903e-12, -1.7816545275708662e-13, 2.12270883812304e-11, -1.1154405830182067e-10, -1.782145944018e-15, 9.716661802577895e-16, 2.4242142073221273e-05, -1.7346668420987571e-06, -1.367652560417862e-08, 6.920335868474031e-10]
[0.0, -1.4948363800925997e-12, -1.4287087656590778e-13, 2.165808425796388e-11, -1.3633162681333635e-10, -1.6039313496162e-15, 7.949996020291005e-16, 2.3759723445964167e-05, -1.9274076023319524e-06, -1.6715753516218313e-08, 9.492916143311428e-10]

After Mutation:
[0.0, -1.2230479473484903e-12, -1.9796161417454068e-13, 2.594421913261493e-11, -1.1154405830182067e-10, -1.98016216002e-15, 7.949996020291005e-16, 2.3759723445964167e-05, -1.9274076023319524e-06, -1.6715753516218313e-08, 9.492916143311428e-10]
[0.0, -1.2230479473484905e-12, -1.9402217805246734e-13, 2.165808425796388e-11, -1.239378425575785e-10, -1.3123074678678e-15, 8.83332891143445e-16, 2.1817927865899146e-05, -1.9274076023319524e-06, -1.1302913722461669e-08, 8.458188283690482e-10]
[0.0, -1.2230479473484903e-12, -1.9598199803279528e-13, 1.7367617766461234e-11, -1.0140368936529151e-10, -1.9603605384197997e-15, 7.227269109355458e-16, 2.4242142073221273e-05, -1.908133526308633e-06, -1.0172622350215501e-08, 7.689262076082257e-10]
[0.0, -1.1007431526136413e-12, -1.7816545275708662e-13, 2.12270883812304e-11, -1.2269846413200274e-10, -1.9603605384197997e-15, 9.716661802577895e-16, 2.66663562805434e-05, -1.7346668420987571e-06, -1.5044178164596484e-08, 6.920335868474031e-10]
[0.0, -1.4948363800925997e-12, -1.28583788909317e-13, 1.949227583216749e-11, -1.3633162681333635e-10, -1.76432448457782e-15, 7.949996020291005e-16, 2.3759723445964167e-05, -1.9274076023319524e-06, -1.6715753516218313e-08, 8.543624528980285e-10]
[0.0, -1.2230479473484903e-12, -1.9796161417454068e-13, 2.3349797219353436e-11, -1.1154405830182067e-10, -1.98016216002e-15, 8.83332891143445e-16, 2.1817927865899146e-05, -2.1201483625651477e-06, -1.2433205094707836e-08, 8.458188283690482e-10]
[0.0, -1.2230479473484905e-12, -1.9402217805246734e-13, 2.3823892683760266e-11, -1.239378425575785e-10, -1.3123074678678e-15, 6.504542198419912e-16, 2.1817927865899146e-05, -2.1201483625651477e-06, -1.1302913722461669e-08, 9.397986981878313e-10]
[0.0, -1.1007431526136413e-12, -1.9598199803279528e-13, 1.563085598981511e-11, -9.126332042876236e-11, -1.7643244845778196e-15, 7.227269109355458e-16, 2.4242142073221273e-05, -1.908133526308633e-06, -1.0172622350215501e-08, 7.689262076082257e-10]
[0.0, -1.2230479473484903e-12, -1.7816545275708662e-13, 2.12270883812304e-11, -1.1154405830182067e-10, -1.782145944018e-15, 9.716661802577895e-16, 2.4242142073221273e-05, -1.908133526308633e-06, -1.2308873043760758e-08, 7.612369455321435e-10]
[0.0, -1.3453527420833396e-12, -1.4287087656590778e-13, 1.949227583216749e-11, -1.3633162681333635e-10, -1.6039313496162e-15, 8.744995622320105e-16, 2.138375110136775e-05, -1.9274076023319524e-06, -1.6715753516218313e-08, 8.543624528980285e-10]
Min of Generation: 1 :  247652655084.39896
Best vector of this gen  [ 0.00000000e+00 -1.22304795e-12 -1.97961614e-13  2.59442191e-11
 -1.11544058e-10 -1.98016216e-15  7.94999602e-16  2.37597234e-05
 -1.92740760e-06 -1.67157535e-08  9.49291614e-10]

Generation:  2
Intial popln: 
[0.0, -1.2230479473484903e-12, -1.9796161417454068e-13, 2.594421913261493e-11, -1.1154405830182067e-10, -1.98016216002e-15, 7.949996020291005e-16, 2.3759723445964167e-05, -1.9274076023319524e-06, -1.6715753516218313e-08, 9.492916143311428e-10]
[0.0, -1.2230479473484905e-12, -1.9402217805246734e-13, 2.165808425796388e-11, -1.239378425575785e-10, -1.3123074678678e-15, 8.83332891143445e-16, 2.1817927865899146e-05, -1.9274076023319524e-06, -1.1302913722461669e-08, 8.458188283690482e-10]
[0.0, -1.4948363800925997e-12, -1.28583788909317e-13, 1.949227583216749e-11, -1.3633162681333635e-10, -1.76432448457782e-15, 7.949996020291005e-16, 2.3759723445964167e-05, -1.9274076023319524e-06, -1.6715753516218313e-08, 8.543624528980285e-10]
[0.0, -1.3453527420833396e-12, -1.4287087656590778e-13, 1.949227583216749e-11, -1.3633162681333635e-10, -1.6039313496162e-15, 8.744995622320105e-16, 2.138375110136775e-05, -1.9274076023319524e-06, -1.6715753516218313e-08, 8.543624528980285e-10]
[0.0, -1.2230479473484905e-12, -1.9402217805246734e-13, 2.3823892683760266e-11, -1.239378425575785e-10, -1.3123074678678e-15, 6.504542198419912e-16, 2.1817927865899146e-05, -2.1201483625651477e-06, -1.1302913722461669e-08, 9.397986981878313e-10]
[0.0, -1.1007431526136413e-12, -1.7816545275708662e-13, 2.12270883812304e-11, -1.2269846413200274e-10, -1.9603605384197997e-15, 9.716661802577895e-16, 2.66663562805434e-05, -1.7346668420987571e-06, -1.5044178164596484e-08, 6.920335868474031e-10]
[0.0, -1.2230479473484903e-12, -1.9598199803279528e-13, 1.7367617766461234e-11, -1.0140368936529151e-10, -1.9603605384197997e-15, 7.227269109355458e-16, 2.4242142073221273e-05, -1.908133526308633e-06, -1.0172622350215501e-08, 7.689262076082257e-10]
[0.0, -1.2230479473484903e-12, -1.9796161417454068e-13, 2.3349797219353436e-11, -1.1154405830182067e-10, -1.98016216002e-15, 8.83332891143445e-16, 2.1817927865899146e-05, -2.1201483625651477e-06, -1.2433205094707836e-08, 8.458188283690482e-10]
[0.0, -1.1007431526136413e-12, -1.9598199803279528e-13, 1.563085598981511e-11, -9.126332042876236e-11, -1.7643244845778196e-15, 7.227269109355458e-16, 2.4242142073221273e-05, -1.908133526308633e-06, -1.0172622350215501e-08, 7.689262076082257e-10]
[0.0, -1.2230479473484903e-12, -1.7816545275708662e-13, 2.12270883812304e-11, -1.1154405830182067e-10, -1.782145944018e-15, 9.716661802577895e-16, 2.4242142073221273e-05, -1.908133526308633e-06, -1.2308873043760758e-08, 7.612369455321435e-10]

After Selection:
[0.0, -1.2230479473484903e-12, -1.9796161417454068e-13, 2.594421913261493e-11, -1.1154405830182067e-10, -1.98016216002e-15, 7.949996020291005e-16, 2.3759723445964167e-05, -1.9274076023319524e-06, -1.6715753516218313e-08, 9.492916143311428e-10]
[0.0, -1.2230479473484905e-12, -1.9402217805246734e-13, 2.165808425796388e-11, -1.239378425575785e-10, -1.3123074678678e-15, 8.83332891143445e-16, 2.1817927865899146e-05, -1.9274076023319524e-06, -1.1302913722461669e-08, 8.458188283690482e-10]
[0.0, -1.4948363800925997e-12, -1.28583788909317e-13, 1.949227583216749e-11, -1.3633162681333635e-10, -1.76432448457782e-15, 7.949996020291005e-16, 2.3759723445964167e-05, -1.9274076023319524e-06, -1.6715753516218313e-08, 8.543624528980285e-10]
[0.0, -1.3453527420833396e-12, -1.4287087656590778e-13, 1.949227583216749e-11, -1.3633162681333635e-10, -1.6039313496162e-15, 8.744995622320105e-16, 2.138375110136775e-05, -1.9274076023319524e-06, -1.6715753516218313e-08, 8.543624528980285e-10]
[0.0, -1.2230479473484905e-12, -1.9402217805246734e-13, 2.3823892683760266e-11, -1.239378425575785e-10, -1.3123074678678e-15, 6.504542198419912e-16, 2.1817927865899146e-05, -2.1201483625651477e-06, -1.1302913722461669e-08, 9.397986981878313e-10]

After CrossOver:
[0.0, -1.2230479473484903e-12, -1.9796161417454068e-13, 2.594421913261493e-11, -1.1154405830182067e-10, -1.98016216002e-15, 7.949996020291005e-16, 2.3759723445964167e-05, -1.9274076023319524e-06, -1.6715753516218313e-08, 9.492916143311428e-10]
[0.0, -1.2230479473484905e-12, -1.9402217805246734e-13, 2.165808425796388e-11, -1.239378425575785e-10, -1.3123074678678e-15, 8.83332891143445e-16, 2.1817927865899146e-05, -1.9274076023319524e-06, -1.1302913722461669e-08, 8.458188283690482e-10]
[0.0, -1.4948363800925997e-12, -1.28583788909317e-13, 1.949227583216749e-11, -1.3633162681333635e-10, -1.76432448457782e-15, 8.744995622320105e-16, 2.138375110136775e-05, -1.9274076023319524e-06, -1.6715753516218313e-08, 8.543624528980285e-10]
[0.0, -1.3453527420833396e-12, -1.4287087656590778e-13, 1.949227583216749e-11, -1.3633162681333635e-10, -1.6039313496162e-15, 6.504542198419912e-16, 2.1817927865899146e-05, -2.1201483625651477e-06, -1.1302913722461669e-08, 9.397986981878313e-10]
[0.0, -1.2230479473484905e-12, -1.9402217805246734e-13, 2.3823892683760266e-11, -1.239378425575785e-10, -1.3123074678678e-15, 7.949996020291005e-16, 2.3759723445964167e-05, -1.9274076023319524e-06, -1.6715753516218313e-08, 9.492916143311428e-10]
[0.0, -1.2230479473484903e-12, -1.9796161417454068e-13, 2.594421913261493e-11, -1.1154405830182067e-10, -1.98016216002e-15, 8.83332891143445e-16, 2.1817927865899146e-05, -1.9274076023319524e-06, -1.1302913722461669e-08, 8.458188283690482e-10]
[0.0, -1.2230479473484905e-12, -1.9402217805246734e-13, 2.165808425796388e-11, -1.239378425575785e-10, -1.3123074678678e-15, 7.949996020291005e-16, 2.3759723445964167e-05, -1.9274076023319524e-06, -1.6715753516218313e-08, 8.543624528980285e-10]
[0.0, -1.4948363800925997e-12, -1.28583788909317e-13, 1.949227583216749e-11, -1.3633162681333635e-10, -1.76432448457782e-15, 8.744995622320105e-16, 2.138375110136775e-05, -1.9274076023319524e-06, -1.6715753516218313e-08, 8.543624528980285e-10]
[0.0, -1.3453527420833396e-12, -1.4287087656590778e-13, 1.949227583216749e-11, -1.3633162681333635e-10, -1.6039313496162e-15, 6.504542198419912e-16, 2.1817927865899146e-05, -2.1201483625651477e-06, -1.1302913722461669e-08, 9.397986981878313e-10]
[0.0, -1.2230479473484905e-12, -1.9402217805246734e-13, 2.3823892683760266e-11, -1.239378425575785e-10, -1.3123074678678e-15, 7.949996020291005e-16, 2.3759723445964167e-05, -1.9274076023319524e-06, -1.6715753516218313e-08, 9.492916143311428e-10]

After Mutation:
[0.0, -1.2230479473484903e-12, -1.9796161417454068e-13, 2.594421913261493e-11, -1.1154405830182067e-10, -1.98016216002e-15, 7.949996020291005e-16, 2.3759723445964167e-05, -1.9274076023319524e-06, -1.6715753516218313e-08, 9.492916143311428e-10]
[0.0, -1.3453527420833396e-12, -1.746199602472206e-13, 2.165808425796388e-11, -1.239378425575785e-10, -1.18107672108102e-15, 8.83332891143445e-16, 2.1817927865899146e-05, -2.1201483625651477e-06, -1.0172622350215501e-08, 8.458188283690482e-10]
[0.0, -1.4948363800925997e-12, -1.414421678002487e-13, 1.949227583216749e-11, -1.2269846413200272e-10, -1.940756933035602e-15, 8.744995622320105e-16, 2.138375110136775e-05, -2.1201483625651477e-06, -1.6715753516218313e-08, 8.543624528980285e-10]
[0.0, -1.3453527420833396e-12, -1.28583788909317e-13, 1.949227583216749e-11, -1.3633162681333635e-10, -1.44353821465458e-15, 6.504542198419912e-16, 2.1817927865899146e-05, -2.3321631988216626e-06, -1.1302913722461669e-08, 9.397986981878313e-10]
[0.0, -1.2230479473484905e-12, -1.9402217805246734e-13, 2.6206281952136294e-11, -1.239378425575785e-10, -1.3123074678678e-15, 7.949996020291005e-16, 2.3759723445964167e-05, -1.9274076023319524e-06, -1.6715753516218313e-08, 9.492916143311428e-10]
[0.0, -1.1007431526136413e-12, -1.9796161417454068e-13, 2.8538641045876422e-11, -1.0038965247163859e-10, -1.782145944018e-15, 8.83332891143445e-16, 2.1817927865899146e-05, -1.9274076023319524e-06, -1.1302913722461669e-08, 9.304007112059531e-10]
[0.0, -1.2230479473484905e-12, -1.746199602472206e-13, 2.165808425796388e-11, -1.239378425575785e-10, -1.3123074678678e-15, 7.949996020291005e-16, 2.3759723445964167e-05, -1.9274076023319524e-06, -1.6715753516218313e-08, 8.543624528980285e-10]
[0.0, -1.6443200181018598e-12, -1.414421678002487e-13, 2.144150341538424e-11, -1.3633162681333635e-10, -1.587892036120038e-15, 8.744995622320105e-16, 2.138375110136775e-05, -1.9274076023319524e-06, -1.6715753516218313e-08, 8.543624528980285e-10]
[0.0, -1.2108174678750057e-12, -1.4287087656590778e-13, 1.7543048248950743e-11, -1.3633162681333635e-10, -1.76432448457782e-15, 7.154996418261904e-16, 2.1817927865899146e-05, -1.908133526308633e-06, -1.1302913722461669e-08, 9.397986981878313e-10]
[0.0, -1.2230479473484905e-12, -1.746199602472206e-13, 2.3823892683760266e-11, -1.3633162681333635e-10, -1.3123074678678e-15, 7.949996020291005e-16, 2.3759723445964167e-05, -1.7346668420987571e-06, -1.6715753516218313e-08, 9.492916143311428e-10]
Min of Generation: 2 :  247652655084.39896
Best vector of this gen  [ 0.00000000e+00 -1.22304795e-12 -1.97961614e-13  2.59442191e-11
 -1.11544058e-10 -1.98016216e-15  7.94999602e-16  2.37597234e-05
 -1.92740760e-06 -1.67157535e-08  9.49291614e-10]

Generation:  3
Intial popln: 
[0.0, -1.2230479473484903e-12, -1.9796161417454068e-13, 2.594421913261493e-11, -1.1154405830182067e-10, -1.98016216002e-15, 7.949996020291005e-16, 2.3759723445964167e-05, -1.9274076023319524e-06, -1.6715753516218313e-08, 9.492916143311428e-10]
[0.0, -1.2230479473484905e-12, -1.746199602472206e-13, 2.165808425796388e-11, -1.239378425575785e-10, -1.3123074678678e-15, 7.949996020291005e-16, 2.3759723445964167e-05, -1.9274076023319524e-06, -1.6715753516218313e-08, 8.543624528980285e-10]
[0.0, -1.2230479473484905e-12, -1.9402217805246734e-13, 2.6206281952136294e-11, -1.239378425575785e-10, -1.3123074678678e-15, 7.949996020291005e-16, 2.3759723445964167e-05, -1.9274076023319524e-06, -1.6715753516218313e-08, 9.492916143311428e-10]
[0.0, -1.3453527420833396e-12, -1.28583788909317e-13, 1.949227583216749e-11, -1.3633162681333635e-10, -1.44353821465458e-15, 6.504542198419912e-16, 2.1817927865899146e-05, -2.3321631988216626e-06, -1.1302913722461669e-08, 9.397986981878313e-10]
[0.0, -1.2230479473484905e-12, -1.746199602472206e-13, 2.3823892683760266e-11, -1.3633162681333635e-10, -1.3123074678678e-15, 7.949996020291005e-16, 2.3759723445964167e-05, -1.7346668420987571e-06, -1.6715753516218313e-08, 9.492916143311428e-10]
[0.0, -1.1007431526136413e-12, -1.9796161417454068e-13, 2.8538641045876422e-11, -1.0038965247163859e-10, -1.782145944018e-15, 8.83332891143445e-16, 2.1817927865899146e-05, -1.9274076023319524e-06, -1.1302913722461669e-08, 9.304007112059531e-10]
[0.0, -1.4948363800925997e-12, -1.414421678002487e-13, 1.949227583216749e-11, -1.2269846413200272e-10, -1.940756933035602e-15, 8.744995622320105e-16, 2.138375110136775e-05, -2.1201483625651477e-06, -1.6715753516218313e-08, 8.543624528980285e-10]
[0.0, -1.6443200181018598e-12, -1.414421678002487e-13, 2.144150341538424e-11, -1.3633162681333635e-10, -1.587892036120038e-15, 8.744995622320105e-16, 2.138375110136775e-05, -1.9274076023319524e-06, -1.6715753516218313e-08, 8.543624528980285e-10]
[0.0, -1.2108174678750057e-12, -1.4287087656590778e-13, 1.7543048248950743e-11, -1.3633162681333635e-10, -1.76432448457782e-15, 7.154996418261904e-16, 2.1817927865899146e-05, -1.908133526308633e-06, -1.1302913722461669e-08, 9.397986981878313e-10]
[0.0, -1.3453527420833396e-12, -1.746199602472206e-13, 2.165808425796388e-11, -1.239378425575785e-10, -1.18107672108102e-15, 8.83332891143445e-16, 2.1817927865899146e-05, -2.1201483625651477e-06, -1.0172622350215501e-08, 8.458188283690482e-10]

After Selection:
[0.0, -1.2230479473484903e-12, -1.9796161417454068e-13, 2.594421913261493e-11, -1.1154405830182067e-10, -1.98016216002e-15, 7.949996020291005e-16, 2.3759723445964167e-05, -1.9274076023319524e-06, -1.6715753516218313e-08, 9.492916143311428e-10]
[0.0, -1.2230479473484905e-12, -1.746199602472206e-13, 2.165808425796388e-11, -1.239378425575785e-10, -1.3123074678678e-15, 7.949996020291005e-16, 2.3759723445964167e-05, -1.9274076023319524e-06, -1.6715753516218313e-08, 8.543624528980285e-10]
[0.0, -1.2230479473484905e-12, -1.9402217805246734e-13, 2.6206281952136294e-11, -1.239378425575785e-10, -1.3123074678678e-15, 7.949996020291005e-16, 2.3759723445964167e-05, -1.9274076023319524e-06, -1.6715753516218313e-08, 9.492916143311428e-10]
[0.0, -1.3453527420833396e-12, -1.28583788909317e-13, 1.949227583216749e-11, -1.3633162681333635e-10, -1.44353821465458e-15, 6.504542198419912e-16, 2.1817927865899146e-05, -2.3321631988216626e-06, -1.1302913722461669e-08, 9.397986981878313e-10]
[0.0, -1.2230479473484905e-12, -1.746199602472206e-13, 2.3823892683760266e-11, -1.3633162681333635e-10, -1.3123074678678e-15, 7.949996020291005e-16, 2.3759723445964167e-05, -1.7346668420987571e-06, -1.6715753516218313e-08, 9.492916143311428e-10]

After CrossOver:
[0.0, -1.2230479473484903e-12, -1.9796161417454068e-13, 2.594421913261493e-11, -1.1154405830182067e-10, -1.98016216002e-15, 7.949996020291005e-16, 2.3759723445964167e-05, -1.9274076023319524e-06, -1.6715753516218313e-08, 9.492916143311428e-10]
[0.0, -1.2230479473484905e-12, -1.746199602472206e-13, 2.165808425796388e-11, -1.239378425575785e-10, -1.3123074678678e-15, 7.949996020291005e-16, 2.3759723445964167e-05, -1.9274076023319524e-06, -1.6715753516218313e-08, 8.543624528980285e-10]
[0.0, -1.2230479473484905e-12, -1.9402217805246734e-13, 2.6206281952136294e-11, -1.239378425575785e-10, -1.3123074678678e-15, 6.504542198419912e-16, 2.1817927865899146e-05, -2.3321631988216626e-06, -1.1302913722461669e-08, 9.397986981878313e-10]
[0.0, -1.3453527420833396e-12, -1.28583788909317e-13, 1.949227583216749e-11, -1.3633162681333635e-10, -1.44353821465458e-15, 7.949996020291005e-16, 2.3759723445964167e-05, -1.7346668420987571e-06, -1.6715753516218313e-08, 9.492916143311428e-10]
[0.0, -1.2230479473484905e-12, -1.746199602472206e-13, 2.3823892683760266e-11, -1.3633162681333635e-10, -1.3123074678678e-15, 7.949996020291005e-16, 2.3759723445964167e-05, -1.9274076023319524e-06, -1.6715753516218313e-08, 9.492916143311428e-10]
[0.0, -1.2230479473484903e-12, -1.9796161417454068e-13, 2.594421913261493e-11, -1.1154405830182067e-10, -1.98016216002e-15, 7.949996020291005e-16, 2.3759723445964167e-05, -1.9274076023319524e-06, -1.6715753516218313e-08, 8.543624528980285e-10]
[0.0, -1.2230479473484905e-12, -1.746199602472206e-13, 2.165808425796388e-11, -1.239378425575785e-10, -1.3123074678678e-15, 7.949996020291005e-16, 2.3759723445964167e-05, -1.9274076023319524e-06, -1.6715753516218313e-08, 9.492916143311428e-10]
[0.0, -1.2230479473484905e-12, -1.9402217805246734e-13, 2.6206281952136294e-11, -1.239378425575785e-10, -1.3123074678678e-15, 6.504542198419912e-16, 2.1817927865899146e-05, -2.3321631988216626e-06, -1.1302913722461669e-08, 9.397986981878313e-10]
[0.0, -1.3453527420833396e-12, -1.28583788909317e-13, 1.949227583216749e-11, -1.3633162681333635e-10, -1.44353821465458e-15, 7.949996020291005e-16, 2.3759723445964167e-05, -1.7346668420987571e-06, -1.6715753516218313e-08, 9.492916143311428e-10]
[0.0, -1.2230479473484905e-12, -1.746199602472206e-13, 2.3823892683760266e-11, -1.3633162681333635e-10, -1.3123074678678e-15, 7.949996020291005e-16, 2.3759723445964167e-05, -1.9274076023319524e-06, -1.6715753516218313e-08, 9.492916143311428e-10]

After Mutation:
[0.0, -1.2230479473484903e-12, -1.9796161417454068e-13, 2.594421913261493e-11, -1.1154405830182067e-10, -1.98016216002e-15, 7.949996020291005e-16, 2.3759723445964167e-05, -1.9274076023319524e-06, -1.6715753516218313e-08, 9.492916143311428e-10]
[0.0, -1.2230479473484905e-12, -1.746199602472206e-13, 2.165808425796388e-11, -1.239378425575785e-10, -1.3123074678678e-15, 7.949996020291005e-16, 2.138375110136775e-05, -1.9274076023319524e-06, -1.8387328867840146e-08, 8.543624528980285e-10]
[0.0, -1.2230479473484905e-12, -1.9402217805246734e-13, 2.8826910147349924e-11, -1.3633162681333635e-10, -1.3123074678678e-15, 5.854087978577921e-16, 2.1817927865899146e-05, -2.3321631988216626e-06, -1.1302913722461669e-08, 9.397986981878313e-10]
[0.0, -1.3453527420833396e-12, -1.28583788909317e-13, 1.949227583216749e-11, -1.4996478949467e-10, -1.587892036120038e-15, 8.744995622320105e-16, 2.3759723445964167e-05, -1.7346668420987571e-06, -1.6715753516218313e-08, 9.492916143311428e-10]
[0.0, -1.1007431526136413e-12, -1.746199602472206e-13, 2.3823892683760266e-11, -1.3633162681333635e-10, -1.44353821465458e-15, 7.949996020291005e-16, 2.3759723445964167e-05, -1.9274076023319524e-06, -1.6715753516218313e-08, 9.492916143311428e-10]
[0.0, -1.2230479473484903e-12, -2.1775777559199475e-13, 2.594421913261493e-11, -1.1154405830182067e-10, -1.98016216002e-15, 7.949996020291005e-16, 2.3759723445964167e-05, -1.9274076023319524e-06, -1.504417816459648e-08, 8.543624528980285e-10]
[0.0, -1.2230479473484905e-12, -1.746199602472206e-13, 2.3823892683760266e-11, -1.3633162681333635e-10, -1.18107672108102e-15, 7.949996020291005e-16, 2.3759723445964167e-05, -1.9274076023319524e-06, -1.6715753516218313e-08, 1.0442207757642572e-09]
[0.0, -1.2230479473484905e-12, -1.9402217805246734e-13, 2.6206281952136294e-11, -1.1154405830182065e-10, -1.3123074678678e-15, 5.854087978577921e-16, 1.9636135079309232e-05, -2.3321631988216626e-06, -1.0172622350215501e-08, 1.0337785680066144e-09]
[0.0, -1.3453527420833396e-12, -1.28583788909317e-13, 1.7543048248950743e-11, -1.3633162681333635e-10, -1.44353821465458e-15, 7.949996020291005e-16, 2.3759723445964167e-05, -1.7346668420987571e-06, -1.6715753516218313e-08, 9.492916143311428e-10]
[0.0, -1.3453527420833396e-12, -1.746199602472206e-13, 2.6206281952136294e-11, -1.4996478949467e-10, -1.44353821465458e-15, 7.154996418261905e-16, 2.138375110136775e-05, -1.9274076023319524e-06, -1.6715753516218313e-08, 9.492916143311428e-10]
Min of Generation: 3 :  247652655084.39896
Best vector of this gen  [ 0.00000000e+00 -1.22304795e-12 -1.97961614e-13  2.59442191e-11
 -1.11544058e-10 -1.98016216e-15  7.94999602e-16  2.37597234e-05
 -1.92740760e-06 -1.67157535e-08  9.49291614e-10]

Generation:  4
Intial popln: 
[0.0, -1.2230479473484903e-12, -1.9796161417454068e-13, 2.594421913261493e-11, -1.1154405830182067e-10, -1.98016216002e-15, 7.949996020291005e-16, 2.3759723445964167e-05, -1.9274076023319524e-06, -1.6715753516218313e-08, 9.492916143311428e-10]
[0.0, -1.2230479473484905e-12, -1.746199602472206e-13, 2.165808425796388e-11, -1.239378425575785e-10, -1.3123074678678e-15, 7.949996020291005e-16, 2.138375110136775e-05, -1.9274076023319524e-06, -1.8387328867840146e-08, 8.543624528980285e-10]
[0.0, -1.2230479473484903e-12, -2.1775777559199475e-13, 2.594421913261493e-11, -1.1154405830182067e-10, -1.98016216002e-15, 7.949996020291005e-16, 2.3759723445964167e-05, -1.9274076023319524e-06, -1.504417816459648e-08, 8.543624528980285e-10]
[0.0, -1.3453527420833396e-12, -1.28583788909317e-13, 1.7543048248950743e-11, -1.3633162681333635e-10, -1.44353821465458e-15, 7.949996020291005e-16, 2.3759723445964167e-05, -1.7346668420987571e-06, -1.6715753516218313e-08, 9.492916143311428e-10]
[0.0, -1.2230479473484905e-12, -1.9402217805246734e-13, 2.8826910147349924e-11, -1.3633162681333635e-10, -1.3123074678678e-15, 5.854087978577921e-16, 2.1817927865899146e-05, -2.3321631988216626e-06, -1.1302913722461669e-08, 9.397986981878313e-10]
[0.0, -1.1007431526136413e-12, -1.746199602472206e-13, 2.3823892683760266e-11, -1.3633162681333635e-10, -1.44353821465458e-15, 7.949996020291005e-16, 2.3759723445964167e-05, -1.9274076023319524e-06, -1.6715753516218313e-08, 9.492916143311428e-10]
[0.0, -1.2230479473484905e-12, -1.9402217805246734e-13, 2.6206281952136294e-11, -1.1154405830182065e-10, -1.3123074678678e-15, 5.854087978577921e-16, 1.9636135079309232e-05, -2.3321631988216626e-06, -1.0172622350215501e-08, 1.0337785680066144e-09]
[0.0, -1.2230479473484905e-12, -1.746199602472206e-13, 2.3823892683760266e-11, -1.3633162681333635e-10, -1.18107672108102e-15, 7.949996020291005e-16, 2.3759723445964167e-05, -1.9274076023319524e-06, -1.6715753516218313e-08, 1.0442207757642572e-09]
[0.0, -1.3453527420833396e-12, -1.28583788909317e-13, 1.949227583216749e-11, -1.4996478949467e-10, -1.587892036120038e-15, 8.744995622320105e-16, 2.3759723445964167e-05, -1.7346668420987571e-06, -1.6715753516218313e-08, 9.492916143311428e-10]
[0.0, -1.3453527420833396e-12, -1.746199602472206e-13, 2.6206281952136294e-11, -1.4996478949467e-10, -1.44353821465458e-15, 7.154996418261905e-16, 2.138375110136775e-05, -1.9274076023319524e-06, -1.6715753516218313e-08, 9.492916143311428e-10]

After Selection:
[0.0, -1.2230479473484903e-12, -1.9796161417454068e-13, 2.594421913261493e-11, -1.1154405830182067e-10, -1.98016216002e-15, 7.949996020291005e-16, 2.3759723445964167e-05, -1.9274076023319524e-06, -1.6715753516218313e-08, 9.492916143311428e-10]
[0.0, -1.2230479473484905e-12, -1.746199602472206e-13, 2.165808425796388e-11, -1.239378425575785e-10, -1.3123074678678e-15, 7.949996020291005e-16, 2.138375110136775e-05, -1.9274076023319524e-06, -1.8387328867840146e-08, 8.543624528980285e-10]
[0.0, -1.2230479473484903e-12, -2.1775777559199475e-13, 2.594421913261493e-11, -1.1154405830182067e-10, -1.98016216002e-15, 7.949996020291005e-16, 2.3759723445964167e-05, -1.9274076023319524e-06, -1.504417816459648e-08, 8.543624528980285e-10]
[0.0, -1.3453527420833396e-12, -1.28583788909317e-13, 1.7543048248950743e-11, -1.3633162681333635e-10, -1.44353821465458e-15, 7.949996020291005e-16, 2.3759723445964167e-05, -1.7346668420987571e-06, -1.6715753516218313e-08, 9.492916143311428e-10]
[0.0, -1.2230479473484905e-12, -1.9402217805246734e-13, 2.8826910147349924e-11, -1.3633162681333635e-10, -1.3123074678678e-15, 5.854087978577921e-16, 2.1817927865899146e-05, -2.3321631988216626e-06, -1.1302913722461669e-08, 9.397986981878313e-10]

After CrossOver:
[0.0, -1.2230479473484903e-12, -1.9796161417454068e-13, 2.594421913261493e-11, -1.1154405830182067e-10, -1.98016216002e-15, 7.949996020291005e-16, 2.3759723445964167e-05, -1.9274076023319524e-06, -1.6715753516218313e-08, 9.492916143311428e-10]
[0.0, -1.2230479473484905e-12, -1.746199602472206e-13, 2.165808425796388e-11, -1.239378425575785e-10, -1.3123074678678e-15, 7.949996020291005e-16, 2.138375110136775e-05, -1.9274076023319524e-06, -1.8387328867840146e-08, 8.543624528980285e-10]
[0.0, -1.2230479473484903e-12, -2.1775777559199475e-13, 2.594421913261493e-11, -1.1154405830182067e-10, -1.98016216002e-15, 7.949996020291005e-16, 2.3759723445964167e-05, -1.7346668420987571e-06, -1.6715753516218313e-08, 9.492916143311428e-10]
[0.0, -1.3453527420833396e-12, -1.28583788909317e-13, 1.7543048248950743e-11, -1.3633162681333635e-10, -1.44353821465458e-15, 5.854087978577921e-16, 2.1817927865899146e-05, -2.3321631988216626e-06, -1.1302913722461669e-08, 9.397986981878313e-10]
[0.0, -1.2230479473484905e-12, -1.9402217805246734e-13, 2.8826910147349924e-11, -1.3633162681333635e-10, -1.3123074678678e-15, 7.949996020291005e-16, 2.3759723445964167e-05, -1.9274076023319524e-06, -1.6715753516218313e-08, 9.492916143311428e-10]
[0.0, -1.2230479473484903e-12, -1.9796161417454068e-13, 2.594421913261493e-11, -1.1154405830182067e-10, -1.98016216002e-15, 7.949996020291005e-16, 2.138375110136775e-05, -1.9274076023319524e-06, -1.8387328867840146e-08, 8.543624528980285e-10]
[0.0, -1.2230479473484905e-12, -1.746199602472206e-13, 2.165808425796388e-11, -1.239378425575785e-10, -1.3123074678678e-15, 7.949996020291005e-16, 2.3759723445964167e-05, -1.9274076023319524e-06, -1.504417816459648e-08, 8.543624528980285e-10]
[0.0, -1.2230479473484903e-12, -2.1775777559199475e-13, 2.594421913261493e-11, -1.1154405830182067e-10, -1.98016216002e-15, 7.949996020291005e-16, 2.3759723445964167e-05, -1.7346668420987571e-06, -1.6715753516218313e-08, 9.492916143311428e-10]
[0.0, -1.3453527420833396e-12, -1.28583788909317e-13, 1.7543048248950743e-11, -1.3633162681333635e-10, -1.44353821465458e-15, 5.854087978577921e-16, 2.1817927865899146e-05, -2.3321631988216626e-06, -1.1302913722461669e-08, 9.397986981878313e-10]
[0.0, -1.2230479473484905e-12, -1.9402217805246734e-13, 2.8826910147349924e-11, -1.3633162681333635e-10, -1.3123074678678e-15, 7.949996020291005e-16, 2.3759723445964167e-05, -1.9274076023319524e-06, -1.6715753516218313e-08, 9.492916143311428e-10]

After Mutation:
[0.0, -1.2230479473484903e-12, -1.9796161417454068e-13, 2.594421913261493e-11, -1.1154405830182067e-10, -1.98016216002e-15, 7.949996020291005e-16, 2.3759723445964167e-05, -1.9274076023319524e-06, -1.6715753516218313e-08, 9.492916143311428e-10]
[0.0, -1.3453527420833396e-12, -1.746199602472206e-13, 2.165808425796388e-11, -1.239378425575785e-10, -1.3123074678678e-15, 7.949996020291005e-16, 1.9245375991230974e-05, -1.7346668420987571e-06, -2.0226061754624162e-08, 7.689262076082257e-10]
[0.0, -1.2230479473484903e-12, -2.3953355315119424e-13, 2.3349797219353436e-11, -1.0038965247163859e-10, -1.98016216002e-15, 7.154996418261905e-16, 2.138375110136775e-05, -1.7346668420987571e-06, -1.6715753516218313e-08, 9.492916143311428e-10]
[0.0, -1.4798880162916735e-12, -1.28583788909317e-13, 1.7543048248950743e-11, -1.4996478949467e-10, -1.44353821465458e-15, 5.854087978577921e-16, 1.9636135079309232e-05, -2.3321631988216626e-06, -1.1302913722461669e-08, 8.458188283690482e-10]
[0.0, -1.2230479473484905e-12, -1.9402217805246734e-13, 2.8826910147349924e-11, -1.3633162681333635e-10, -1.18107672108102e-15, 7.949996020291005e-16, 2.138375110136775e-05, -1.9274076023319524e-06, -1.6715753516218313e-08, 9.492916143311428e-10]
[0.0, -1.2230479473484903e-12, -1.9796161417454068e-13, 2.594421913261493e-11, -1.0038965247163859e-10, -1.782145944018e-15, 7.949996020291005e-16, 2.3522126211504524e-05, -1.7346668420987571e-06, -2.0226061754624162e-08, 8.543624528980285e-10]
[0.0, -1.2230479473484905e-12, -1.746199602472206e-13, 1.949227583216749e-11, -1.1154405830182065e-10, -1.3123074678678e-15, 7.949996020291005e-16, 2.6135695790560584e-05, -1.9274076023319524e-06, -1.504417816459648e-08, 8.543624528980285e-10]
[0.0, -1.2230479473484903e-12, -2.1775777559199475e-13, 2.594421913261493e-11, -1.1154405830182067e-10, -1.98016216002e-15, 8.744995622320105e-16, 2.3759723445964167e-05, -1.7346668420987571e-06, -1.8387328867840146e-08, 1.0442207757642572e-09]
[0.0, -1.3453527420833396e-12, -1.28583788909317e-13, 1.578874342405567e-11, -1.3633162681333635e-10, -1.44353821465458e-15, 5.854087978577921e-16, 2.1817927865899146e-05, -2.3321631988216626e-06, -1.2433205094707836e-08, 9.397986981878313e-10]
[0.0, -1.2230479473484905e-12, -1.9402217805246734e-13, 2.8826910147349924e-11, -1.3633162681333635e-10, -1.3123074678678e-15, 7.154996418261905e-16, 2.3759723445964167e-05, -1.9274076023319524e-06, -1.504417816459648e-08, 1.0442207757642572e-09]
Min of Generation: 4 :  247652655084.39896
Best vector of this gen  [ 0.00000000e+00 -1.22304795e-12 -1.97961614e-13  2.59442191e-11
 -1.11544058e-10 -1.98016216e-15  7.94999602e-16  2.37597234e-05
 -1.92740760e-06 -1.67157535e-08  9.49291614e-10]

Generation:  5
Intial popln: 
[0.0, -1.2230479473484903e-12, -1.9796161417454068e-13, 2.594421913261493e-11, -1.1154405830182067e-10, -1.98016216002e-15, 7.949996020291005e-16, 2.3759723445964167e-05, -1.9274076023319524e-06, -1.6715753516218313e-08, 9.492916143311428e-10]
[0.0, -1.2230479473484903e-12, -1.9796161417454068e-13, 2.594421913261493e-11, -1.0038965247163859e-10, -1.782145944018e-15, 7.949996020291005e-16, 2.3522126211504524e-05, -1.7346668420987571e-06, -2.0226061754624162e-08, 8.543624528980285e-10]
[0.0, -1.2230479473484905e-12, -1.9402217805246734e-13, 2.8826910147349924e-11, -1.3633162681333635e-10, -1.3123074678678e-15, 7.154996418261905e-16, 2.3759723445964167e-05, -1.9274076023319524e-06, -1.504417816459648e-08, 1.0442207757642572e-09]
[0.0, -1.2230479473484905e-12, -1.746199602472206e-13, 1.949227583216749e-11, -1.1154405830182065e-10, -1.3123074678678e-15, 7.949996020291005e-16, 2.6135695790560584e-05, -1.9274076023319524e-06, -1.504417816459648e-08, 8.543624528980285e-10]
[0.0, -1.3453527420833396e-12, -1.28583788909317e-13, 1.578874342405567e-11, -1.3633162681333635e-10, -1.44353821465458e-15, 5.854087978577921e-16, 2.1817927865899146e-05, -2.3321631988216626e-06, -1.2433205094707836e-08, 9.397986981878313e-10]
[0.0, -1.4798880162916735e-12, -1.28583788909317e-13, 1.7543048248950743e-11, -1.4996478949467e-10, -1.44353821465458e-15, 5.854087978577921e-16, 1.9636135079309232e-05, -2.3321631988216626e-06, -1.1302913722461669e-08, 8.458188283690482e-10]
[0.0, -1.3453527420833396e-12, -1.746199602472206e-13, 2.165808425796388e-11, -1.239378425575785e-10, -1.3123074678678e-15, 7.949996020291005e-16, 1.9245375991230974e-05, -1.7346668420987571e-06, -2.0226061754624162e-08, 7.689262076082257e-10]
[0.0, -1.2230479473484903e-12, -2.1775777559199475e-13, 2.594421913261493e-11, -1.1154405830182067e-10, -1.98016216002e-15, 8.744995622320105e-16, 2.3759723445964167e-05, -1.7346668420987571e-06, -1.8387328867840146e-08, 1.0442207757642572e-09]
[0.0, -1.2230479473484903e-12, -2.3953355315119424e-13, 2.3349797219353436e-11, -1.0038965247163859e-10, -1.98016216002e-15, 7.154996418261905e-16, 2.138375110136775e-05, -1.7346668420987571e-06, -1.6715753516218313e-08, 9.492916143311428e-10]
[0.0, -1.2230479473484905e-12, -1.9402217805246734e-13, 2.8826910147349924e-11, -1.3633162681333635e-10, -1.18107672108102e-15, 7.949996020291005e-16, 2.138375110136775e-05, -1.9274076023319524e-06, -1.6715753516218313e-08, 9.492916143311428e-10]

After Selection:
[0.0, -1.2230479473484903e-12, -1.9796161417454068e-13, 2.594421913261493e-11, -1.1154405830182067e-10, -1.98016216002e-15, 7.949996020291005e-16, 2.3759723445964167e-05, -1.9274076023319524e-06, -1.6715753516218313e-08, 9.492916143311428e-10]
[0.0, -1.2230479473484903e-12, -1.9796161417454068e-13, 2.594421913261493e-11, -1.0038965247163859e-10, -1.782145944018e-15, 7.949996020291005e-16, 2.3522126211504524e-05, -1.7346668420987571e-06, -2.0226061754624162e-08, 8.543624528980285e-10]
[0.0, -1.2230479473484905e-12, -1.9402217805246734e-13, 2.8826910147349924e-11, -1.3633162681333635e-10, -1.3123074678678e-15, 7.154996418261905e-16, 2.3759723445964167e-05, -1.9274076023319524e-06, -1.504417816459648e-08, 1.0442207757642572e-09]
[0.0, -1.2230479473484905e-12, -1.746199602472206e-13, 1.949227583216749e-11, -1.1154405830182065e-10, -1.3123074678678e-15, 7.949996020291005e-16, 2.6135695790560584e-05, -1.9274076023319524e-06, -1.504417816459648e-08, 8.543624528980285e-10]
[0.0, -1.3453527420833396e-12, -1.28583788909317e-13, 1.578874342405567e-11, -1.3633162681333635e-10, -1.44353821465458e-15, 5.854087978577921e-16, 2.1817927865899146e-05, -2.3321631988216626e-06, -1.2433205094707836e-08, 9.397986981878313e-10]

After CrossOver:
[0.0, -1.2230479473484903e-12, -1.9796161417454068e-13, 2.594421913261493e-11, -1.1154405830182067e-10, -1.98016216002e-15, 7.949996020291005e-16, 2.3759723445964167e-05, -1.9274076023319524e-06, -1.6715753516218313e-08, 9.492916143311428e-10]
[0.0, -1.2230479473484903e-12, -1.9796161417454068e-13, 2.594421913261493e-11, -1.0038965247163859e-10, -1.782145944018e-15, 7.949996020291005e-16, 2.3522126211504524e-05, -1.7346668420987571e-06, -2.0226061754624162e-08, 8.543624528980285e-10]
