Generation:  1
Intial popln: 
[0.0, -1.4005395900856797e-12, -1.65257211933e-13, 2.6738375627115903e-11, -1.3770871395286503e-10, -2.000163798e-15, 9.012681268681205e-16, 2.69357134146903e-05, -1.9864058422527e-06, -1.3954214472174899e-08, 8.805146175539998e-10]
[0.0, -1.4005395900856797e-12, -1.65257211933e-13, 2.4307614206469002e-11, -1.2518973995715002e-10, -2.2001801778e-15, 1.1015499328388141e-15, 2.69357134146903e-05, -2.207117602503e-06, -1.027537611132879e-08, 8.805146175539998e-10]
[0.0, -1.6946529040036726e-12, -1.9996122643893002e-13, 3.301034028039e-11, -1.851417154255185e-10, -1.8001474182e-15, 9.10371845321334e-16, 3.2921427506843706e-05, -2.207117602503e-06, -1.409516613351e-08, 9.685660793094e-10]
[0.0, -1.4005395900856797e-12, -1.4873149073970001e-13, 2.4307614206469002e-11, -1.2393784255757854e-10, -2.000163798e-15, 1.1015499328388141e-15, 2.69357134146903e-05, -1.78776525802743e-06, -1.3954214472174899e-08, 8.805146175539998e-10]
[0.0, -1.2604856310771117e-12, -1.817829331263e-13, 2.4307614206469002e-11, -1.2518973995715002e-10, -1.8001474182e-15, 1.1015499328388141e-15, 2.4242142073221273e-05, -1.8058234929569999e-06, -1.130291372246167e-08, 8.805146175539998e-10]
[0.0, -1.5405935490942478e-12, -1.8361912437e-13, 1.77202507565159e-11, -1.2518973995715002e-10, -1.782145944018e-15, 9.012681268681205e-16, 2.69357134146903e-05, -1.6252411436612998e-06, -1.14170845681431e-08, 7.924631557985998e-10]
[0.0, -1.5405935490942478e-12, -1.65257211933e-13, 2.18768527858221e-11, -1.2518973995715002e-10, -1.98016216002e-15, 1.0014090298534673e-15, 2.69357134146903e-05, -2.00647054773e-06, -1.14170845681431e-08, 7.132168402187399e-10]
[0.0, -1.6946529040036726e-12, -2.221791404877e-13, 2.406453806440431e-11, -1.3770871395286503e-10, -2.4201981955800002e-15, 9.913949395549328e-16, 2.4487012195173e-05, -1.8058234929569999e-06, -1.70551510215471e-08, 1.0761845325659999e-09]
[0.0, -1.677706374963636e-12, -2.221791404877e-13, 3.301034028039e-11, -1.6662754388296664e-10, -1.98016216002e-15, 8.111413141813085e-16, 2.4242142073221273e-05, -1.6252411436612998e-06, -1.3954214472174899e-08, 9.685660793093997e-10]
[0.0, -1.5251876136033054e-12, -1.9996122643893002e-13, 2.165808425796388e-11, -1.2518973995715002e-10, -1.98016216002e-15, 9.10371845321334e-16, 2.9629284756159337e-05, -2.697588180837e-06, -1.409516613351e-08, 8.717094713784599e-10]

After Selection:
[0.0, -1.4005395900856797e-12, -1.65257211933e-13, 2.6738375627115903e-11, -1.3770871395286503e-10, -2.000163798e-15, 9.012681268681205e-16, 2.69357134146903e-05, -1.9864058422527e-06, -1.3954214472174899e-08, 8.805146175539998e-10]
[0.0, -1.4005395900856797e-12, -1.65257211933e-13, 2.4307614206469002e-11, -1.2518973995715002e-10, -2.2001801778e-15, 1.1015499328388141e-15, 2.69357134146903e-05, -2.207117602503e-06, -1.027537611132879e-08, 8.805146175539998e-10]
[0.0, -1.6946529040036726e-12, -1.9996122643893002e-13, 3.301034028039e-11, -1.851417154255185e-10, -1.8001474182e-15, 9.10371845321334e-16, 3.2921427506843706e-05, -2.207117602503e-06, -1.409516613351e-08, 9.685660793094e-10]
[0.0, -1.4005395900856797e-12, -1.4873149073970001e-13, 2.4307614206469002e-11, -1.2393784255757854e-10, -2.000163798e-15, 1.1015499328388141e-15, 2.69357134146903e-05, -1.78776525802743e-06, -1.3954214472174899e-08, 8.805146175539998e-10]
[0.0, -1.2604856310771117e-12, -1.817829331263e-13, 2.4307614206469002e-11, -1.2518973995715002e-10, -1.8001474182e-15, 1.1015499328388141e-15, 2.4242142073221273e-05, -1.8058234929569999e-06, -1.130291372246167e-08, 8.805146175539998e-10]

After CrossOver:
[0.0, -1.4005395900856797e-12, -1.65257211933e-13, 2.6738375627115903e-11, -1.3770871395286503e-10, -2.000163798e-15, 9.012681268681205e-16, 2.69357134146903e-05, -1.9864058422527e-06, -1.3954214472174899e-08, 8.805146175539998e-10]
[0.0, -1.4005395900856797e-12, -1.65257211933e-13, 2.4307614206469002e-11, -1.2518973995715002e-10, -2.2001801778e-15, 1.1015499328388141e-15, 2.69357134146903e-05, -2.207117602503e-06, -1.027537611132879e-08, 8.805146175539998e-10]
[0.0, -1.6946529040036726e-12, -1.9996122643893002e-13, 3.301034028039e-11, -1.851417154255185e-10, -1.8001474182e-15, 1.1015499328388141e-15, 2.69357134146903e-05, -1.78776525802743e-06, -1.3954214472174899e-08, 8.805146175539998e-10]
[0.0, -1.4005395900856797e-12, -1.4873149073970001e-13, 2.4307614206469002e-11, -1.2393784255757854e-10, -2.000163798e-15, 1.1015499328388141e-15, 2.4242142073221273e-05, -1.8058234929569999e-06, -1.130291372246167e-08, 8.805146175539998e-10]
[0.0, -1.2604856310771117e-12, -1.817829331263e-13, 2.4307614206469002e-11, -1.2518973995715002e-10, -1.8001474182e-15, 9.012681268681205e-16, 2.69357134146903e-05, -1.9864058422527e-06, -1.3954214472174899e-08, 8.805146175539998e-10]
[0.0, -1.4005395900856797e-12, -1.65257211933e-13, 2.6738375627115903e-11, -1.3770871395286503e-10, -2.000163798e-15, 1.1015499328388141e-15, 2.69357134146903e-05, -2.207117602503e-06, -1.027537611132879e-08, 8.805146175539998e-10]
[0.0, -1.4005395900856797e-12, -1.65257211933e-13, 2.4307614206469002e-11, -1.2518973995715002e-10, -2.2001801778e-15, 9.10371845321334e-16, 3.2921427506843706e-05, -2.207117602503e-06, -1.409516613351e-08, 9.685660793094e-10]
[0.0, -1.6946529040036726e-12, -1.9996122643893002e-13, 3.301034028039e-11, -1.851417154255185e-10, -1.8001474182e-15, 1.1015499328388141e-15, 2.69357134146903e-05, -1.78776525802743e-06, -1.3954214472174899e-08, 8.805146175539998e-10]
[0.0, -1.4005395900856797e-12, -1.4873149073970001e-13, 2.4307614206469002e-11, -1.2393784255757854e-10, -2.000163798e-15, 1.1015499328388141e-15, 2.4242142073221273e-05, -1.8058234929569999e-06, -1.130291372246167e-08, 8.805146175539998e-10]
[0.0, -1.2604856310771117e-12, -1.817829331263e-13, 2.4307614206469002e-11, -1.2518973995715002e-10, -1.8001474182e-15, 9.012681268681205e-16, 2.69357134146903e-05, -1.9864058422527e-06, -1.3954214472174899e-08, 8.805146175539998e-10]

After Mutation:
[0.0, -1.2604856310771117e-12, -1.65257211933e-13, 2.6738375627115903e-11, -1.3770871395286503e-10, -2.000163798e-15, 9.913949395549326e-16, 2.69357134146903e-05, -1.9864058422527e-06, -1.3954214472174899e-08, 8.805146175539998e-10]
[0.0, -1.4005395900856797e-12, -1.65257211933e-13, 2.4307614206469002e-11, -1.2518973995715002e-10, -2.4201981955800002e-15, 1.1015499328388141e-15, 2.69357134146903e-05, -1.9864058422527e-06, -1.1302913722461669e-08, 8.805146175539998e-10]
[0.0, -1.6946529040036726e-12, -1.79965103795037e-13, 3.301034028039e-11, -2.0365588696807035e-10, -1.8001474182e-15, 1.1015499328388141e-15, 2.69357134146903e-05, -1.78776525802743e-06, -1.534963591939239e-08, 8.805146175539998e-10]
[0.0, -1.4005395900856797e-12, -1.4873149073970001e-13, 2.4307614206469002e-11, -1.2393784255757854e-10, -2.000163798e-15, 1.1015499328388141e-15, 2.4242142073221273e-05, -1.8058234929569999e-06, -1.130291372246167e-08, 8.805146175539998e-10]
[0.0, -1.2604856310771117e-12, -1.817829331263e-13, 2.18768527858221e-11, -1.2518973995715002e-10, -1.8001474182e-15, 9.012681268681205e-16, 2.69357134146903e-05, -1.78776525802743e-06, -1.3954214472174899e-08, 8.805146175539998e-10]
[0.0, -1.4005395900856797e-12, -1.4873149073970001e-13, 2.6738375627115903e-11, -1.2393784255757854e-10, -2.000163798e-15, 1.2117049261226954e-15, 2.69357134146903e-05, -2.207117602503e-06, -9.24783850019591e-09, 8.805146175539998e-10]
[0.0, -1.4005395900856797e-12, -1.817829331263e-13, 2.4307614206469002e-11, -1.3770871395286503e-10, -2.2001801778e-15, 9.10371845321334e-16, 3.2921427506843706e-05, -2.207117602503e-06, -1.409516613351e-08, 9.685660793094e-10]
[0.0, -1.6946529040036726e-12, -2.1995734908282302e-13, 3.301034028039e-11, -1.851417154255185e-10, -1.98016216002e-15, 1.1015499328388141e-15, 2.962928475615933e-05, -1.78776525802743e-06, -1.255879302495741e-08, 8.805146175539998e-10]
[0.0, -1.4005395900856797e-12, -1.4873149073970001e-13, 2.6738375627115903e-11, -1.3633162681333638e-10, -2.000163798e-15, 1.2117049261226954e-15, 2.4242142073221273e-05, -1.6252411436612998e-06, -1.130291372246167e-08, 9.685660793093997e-10]
[0.0, -1.2604856310771117e-12, -1.6360463981367e-13, 2.6738375627115903e-11, -1.2518973995715002e-10, -1.8001474182e-15, 8.111413141813085e-16, 2.69357134146903e-05, -1.9864058422527e-06, -1.3954214472174899e-08, 9.685660793093997e-10]
Min of Generation: 1 :  465518920529.79944
Best vector of this gen  [ 0.00000000e+00 -1.26048563e-12 -1.65257212e-13  2.67383756e-11
 -1.37708714e-10 -2.00016380e-15  9.91394940e-16  2.69357134e-05
 -1.98640584e-06 -1.39542145e-08  8.80514618e-10]

Generation:  2
Intial popln: 
[0.0, -1.2604856310771117e-12, -1.65257211933e-13, 2.6738375627115903e-11, -1.3770871395286503e-10, -2.000163798e-15, 9.913949395549326e-16, 2.69357134146903e-05, -1.9864058422527e-06, -1.3954214472174899e-08, 8.805146175539998e-10]
[0.0, -1.2604856310771117e-12, -1.817829331263e-13, 2.18768527858221e-11, -1.2518973995715002e-10, -1.8001474182e-15, 9.012681268681205e-16, 2.69357134146903e-05, -1.78776525802743e-06, -1.3954214472174899e-08, 8.805146175539998e-10]
[0.0, -1.2604856310771117e-12, -1.6360463981367e-13, 2.6738375627115903e-11, -1.2518973995715002e-10, -1.8001474182e-15, 8.111413141813085e-16, 2.69357134146903e-05, -1.9864058422527e-06, -1.3954214472174899e-08, 9.685660793093997e-10]
[0.0, -1.4005395900856797e-12, -1.4873149073970001e-13, 2.6738375627115903e-11, -1.2393784255757854e-10, -2.000163798e-15, 1.2117049261226954e-15, 2.69357134146903e-05, -2.207117602503e-06, -9.24783850019591e-09, 8.805146175539998e-10]
[0.0, -1.4005395900856797e-12, -1.817829331263e-13, 2.4307614206469002e-11, -1.3770871395286503e-10, -2.2001801778e-15, 9.10371845321334e-16, 3.2921427506843706e-05, -2.207117602503e-06, -1.409516613351e-08, 9.685660793094e-10]
[0.0, -1.6946529040036726e-12, -1.79965103795037e-13, 3.301034028039e-11, -2.0365588696807035e-10, -1.8001474182e-15, 1.1015499328388141e-15, 2.69357134146903e-05, -1.78776525802743e-06, -1.534963591939239e-08, 8.805146175539998e-10]
[0.0, -1.4005395900856797e-12, -1.4873149073970001e-13, 2.6738375627115903e-11, -1.3633162681333638e-10, -2.000163798e-15, 1.2117049261226954e-15, 2.4242142073221273e-05, -1.6252411436612998e-06, -1.130291372246167e-08, 9.685660793093997e-10]
[0.0, -1.4005395900856797e-12, -1.65257211933e-13, 2.4307614206469002e-11, -1.2518973995715002e-10, -2.4201981955800002e-15, 1.1015499328388141e-15, 2.69357134146903e-05, -1.9864058422527e-06, -1.1302913722461669e-08, 8.805146175539998e-10]
[0.0, -1.4005395900856797e-12, -1.4873149073970001e-13, 2.4307614206469002e-11, -1.2393784255757854e-10, -2.000163798e-15, 1.1015499328388141e-15, 2.4242142073221273e-05, -1.8058234929569999e-06, -1.130291372246167e-08, 8.805146175539998e-10]
[0.0, -1.6946529040036726e-12, -2.1995734908282302e-13, 3.301034028039e-11, -1.851417154255185e-10, -1.98016216002e-15, 1.1015499328388141e-15, 2.962928475615933e-05, -1.78776525802743e-06, -1.255879302495741e-08, 8.805146175539998e-10]

After Selection:
[0.0, -1.2604856310771117e-12, -1.65257211933e-13, 2.6738375627115903e-11, -1.3770871395286503e-10, -2.000163798e-15, 9.913949395549326e-16, 2.69357134146903e-05, -1.9864058422527e-06, -1.3954214472174899e-08, 8.805146175539998e-10]
[0.0, -1.2604856310771117e-12, -1.817829331263e-13, 2.18768527858221e-11, -1.2518973995715002e-10, -1.8001474182e-15, 9.012681268681205e-16, 2.69357134146903e-05, -1.78776525802743e-06, -1.3954214472174899e-08, 8.805146175539998e-10]
[0.0, -1.2604856310771117e-12, -1.6360463981367e-13, 2.6738375627115903e-11, -1.2518973995715002e-10, -1.8001474182e-15, 8.111413141813085e-16, 2.69357134146903e-05, -1.9864058422527e-06, -1.3954214472174899e-08, 9.685660793093997e-10]
[0.0, -1.4005395900856797e-12, -1.4873149073970001e-13, 2.6738375627115903e-11, -1.2393784255757854e-10, -2.000163798e-15, 1.2117049261226954e-15, 2.69357134146903e-05, -2.207117602503e-06, -9.24783850019591e-09, 8.805146175539998e-10]
[0.0, -1.4005395900856797e-12, -1.817829331263e-13, 2.4307614206469002e-11, -1.3770871395286503e-10, -2.2001801778e-15, 9.10371845321334e-16, 3.2921427506843706e-05, -2.207117602503e-06, -1.409516613351e-08, 9.685660793094e-10]

After CrossOver:
[0.0, -1.2604856310771117e-12, -1.65257211933e-13, 2.6738375627115903e-11, -1.3770871395286503e-10, -2.000163798e-15, 9.913949395549326e-16, 2.69357134146903e-05, -1.9864058422527e-06, -1.3954214472174899e-08, 8.805146175539998e-10]
[0.0, -1.2604856310771117e-12, -1.817829331263e-13, 2.18768527858221e-11, -1.2518973995715002e-10, -1.8001474182e-15, 9.012681268681205e-16, 2.69357134146903e-05, -1.78776525802743e-06, -1.3954214472174899e-08, 8.805146175539998e-10]
[0.0, -1.2604856310771117e-12, -1.6360463981367e-13, 2.6738375627115903e-11, -1.2518973995715002e-10, -1.8001474182e-15, 1.2117049261226954e-15, 2.69357134146903e-05, -2.207117602503e-06, -9.24783850019591e-09, 8.805146175539998e-10]
[0.0, -1.4005395900856797e-12, -1.4873149073970001e-13, 2.6738375627115903e-11, -1.2393784255757854e-10, -2.000163798e-15, 9.10371845321334e-16, 3.2921427506843706e-05, -2.207117602503e-06, -1.409516613351e-08, 9.685660793094e-10]
[0.0, -1.4005395900856797e-12, -1.817829331263e-13, 2.4307614206469002e-11, -1.3770871395286503e-10, -2.2001801778e-15, 9.913949395549326e-16, 2.69357134146903e-05, -1.9864058422527e-06, -1.3954214472174899e-08, 8.805146175539998e-10]
[0.0, -1.2604856310771117e-12, -1.65257211933e-13, 2.6738375627115903e-11, -1.3770871395286503e-10, -2.000163798e-15, 9.012681268681205e-16, 2.69357134146903e-05, -1.78776525802743e-06, -1.3954214472174899e-08, 8.805146175539998e-10]
[0.0, -1.2604856310771117e-12, -1.817829331263e-13, 2.18768527858221e-11, -1.2518973995715002e-10, -1.8001474182e-15, 8.111413141813085e-16, 2.69357134146903e-05, -1.9864058422527e-06, -1.3954214472174899e-08, 9.685660793093997e-10]
[0.0, -1.2604856310771117e-12, -1.6360463981367e-13, 2.6738375627115903e-11, -1.2518973995715002e-10, -1.8001474182e-15, 1.2117049261226954e-15, 2.69357134146903e-05, -2.207117602503e-06, -9.24783850019591e-09, 8.805146175539998e-10]
[0.0, -1.4005395900856797e-12, -1.4873149073970001e-13, 2.6738375627115903e-11, -1.2393784255757854e-10, -2.000163798e-15, 9.10371845321334e-16, 3.2921427506843706e-05, -2.207117602503e-06, -1.409516613351e-08, 9.685660793094e-10]
[0.0, -1.4005395900856797e-12, -1.817829331263e-13, 2.4307614206469002e-11, -1.3770871395286503e-10, -2.2001801778e-15, 9.913949395549326e-16, 2.69357134146903e-05, -1.9864058422527e-06, -1.3954214472174899e-08, 8.805146175539998e-10]

After Mutation:
[0.0, -1.2604856310771117e-12, -1.817829331263e-13, 2.6738375627115903e-11, -1.3770871395286503e-10, -2.000163798e-15, 9.913949395549326e-16, 2.69357134146903e-05, -1.9864058422527e-06, -1.3954214472174899e-08, 9.685660793093997e-10]
[0.0, -1.2604856310771117e-12, -1.817829331263e-13, 2.18768527858221e-11, -1.3770871395286503e-10, -1.98016216002e-15, 9.913949395549326e-16, 2.69357134146903e-05, -1.78776525802743e-06, -1.3954214472174899e-08, 7.924631557985998e-10]
[0.0, -1.2604856310771117e-12, -1.6360463981367e-13, 2.941221318982749e-11, -1.2518973995715002e-10, -1.8001474182e-15, 1.2117049261226954e-15, 2.4242142073221273e-05, -2.207117602503e-06, -9.24783850019591e-09, 9.685660793093997e-10]
[0.0, -1.5405935490942478e-12, -1.6360463981367002e-13, 2.6738375627115903e-11, -1.1154405830182068e-10, -2.2001801778e-15, 1.0014090298534673e-15, 3.2921427506843706e-05, -2.207117602503e-06, -1.409516613351e-08, 8.717094713784599e-10]
[0.0, -1.4005395900856797e-12, -1.817829331263e-13, 2.4307614206469002e-11, -1.5147958534815152e-10, -2.2001801778e-15, 9.913949395549326e-16, 2.69357134146903e-05, -2.18504642647797e-06, -1.3954214472174899e-08, 8.805146175539998e-10]
[0.0, -1.2604856310771117e-12, -1.65257211933e-13, 2.6738375627115903e-11, -1.3770871395286503e-10, -2.000163798e-15, 9.012681268681205e-16, 2.4242142073221273e-05, -1.78776525802743e-06, -1.255879302495741e-08, 8.805146175539998e-10]
[0.0, -1.386534194184823e-12, -1.817829331263e-13, 2.406453806440431e-11, -1.2518973995715002e-10, -1.8001474182e-15, 8.111413141813085e-16, 2.69357134146903e-05, -1.9864058422527e-06, -1.3954214472174899e-08, 9.685660793093997e-10]
[0.0, -1.386534194184823e-12, -1.7996510379503699e-13, 2.941221318982749e-11, -1.1267076596143502e-10, -1.8001474182e-15, 1.0905344335104259e-15, 2.962928475615933e-05, -2.4278293627533e-06, -9.24783850019591e-09, 8.805146175539998e-10]
[0.0, -1.4005395900856797e-12, -1.4873149073970001e-13, 2.941221318982749e-11, -1.2393784255757854e-10, -2.000163798e-15, 8.193346607892005e-16, 2.9629284756159337e-05, -2.207117602503e-06, -1.409516613351e-08, 9.685660793094e-10]
[0.0, -1.4005395900856797e-12, -1.817829331263e-13, 2.6738375627115903e-11, -1.3770871395286503e-10, -2.2001801778e-15, 9.913949395549326e-16, 2.69357134146903e-05, -2.18504642647797e-06, -1.3954214472174899e-08, 9.685660793093997e-10]
Min of Generation: 2 :  559804799871.3015
Best vector of this gen  [ 0.00000000e+00 -1.26048563e-12 -1.81782933e-13  2.18768528e-11
 -1.37708714e-10 -1.98016216e-15  9.91394940e-16  2.69357134e-05
 -1.78776526e-06 -1.39542145e-08  7.92463156e-10]

Generation:  3
Intial popln: 
[0.0, -1.4005395900856797e-12, -1.817829331263e-13, 2.6738375627115903e-11, -1.3770871395286503e-10, -2.2001801778e-15, 9.913949395549326e-16, 2.69357134146903e-05, -2.18504642647797e-06, -1.3954214472174899e-08, 9.685660793093997e-10]
[0.0, -1.4005395900856797e-12, -1.817829331263e-13, 2.4307614206469002e-11, -1.5147958534815152e-10, -2.2001801778e-15, 9.913949395549326e-16, 2.69357134146903e-05, -2.18504642647797e-06, -1.3954214472174899e-08, 8.805146175539998e-10]
[0.0, -1.386534194184823e-12, -1.817829331263e-13, 2.406453806440431e-11, -1.2518973995715002e-10, -1.8001474182e-15, 8.111413141813085e-16, 2.69357134146903e-05, -1.9864058422527e-06, -1.3954214472174899e-08, 9.685660793093997e-10]
[0.0, -1.4005395900856797e-12, -1.4873149073970001e-13, 2.941221318982749e-11, -1.2393784255757854e-10, -2.000163798e-15, 8.193346607892005e-16, 2.9629284756159337e-05, -2.207117602503e-06, -1.409516613351e-08, 9.685660793094e-10]
[0.0, -1.2604856310771117e-12, -1.6360463981367e-13, 2.941221318982749e-11, -1.2518973995715002e-10, -1.8001474182e-15, 1.2117049261226954e-15, 2.4242142073221273e-05, -2.207117602503e-06, -9.24783850019591e-09, 9.685660793093997e-10]
[0.0, -1.2604856310771117e-12, -1.65257211933e-13, 2.6738375627115903e-11, -1.3770871395286503e-10, -2.000163798e-15, 9.012681268681205e-16, 2.4242142073221273e-05, -1.78776525802743e-06, -1.255879302495741e-08, 8.805146175539998e-10]
[0.0, -1.2604856310771117e-12, -1.817829331263e-13, 2.18768527858221e-11, -1.3770871395286503e-10, -1.98016216002e-15, 9.913949395549326e-16, 2.69357134146903e-05, -1.78776525802743e-06, -1.3954214472174899e-08, 7.924631557985998e-10]
[0.0, -1.386534194184823e-12, -1.7996510379503699e-13, 2.941221318982749e-11, -1.1267076596143502e-10, -1.8001474182e-15, 1.0905344335104259e-15, 2.962928475615933e-05, -2.4278293627533e-06, -9.24783850019591e-09, 8.805146175539998e-10]
[0.0, -1.2604856310771117e-12, -1.817829331263e-13, 2.6738375627115903e-11, -1.3770871395286503e-10, -2.000163798e-15, 9.913949395549326e-16, 2.69357134146903e-05, -1.9864058422527e-06, -1.3954214472174899e-08, 9.685660793093997e-10]
[0.0, -1.5405935490942478e-12, -1.6360463981367002e-13, 2.6738375627115903e-11, -1.1154405830182068e-10, -2.2001801778e-15, 1.0014090298534673e-15, 3.2921427506843706e-05, -2.207117602503e-06, -1.409516613351e-08, 8.717094713784599e-10]

After Selection:
[0.0, -1.4005395900856797e-12, -1.817829331263e-13, 2.6738375627115903e-11, -1.3770871395286503e-10, -2.2001801778e-15, 9.913949395549326e-16, 2.69357134146903e-05, -2.18504642647797e-06, -1.3954214472174899e-08, 9.685660793093997e-10]
[0.0, -1.4005395900856797e-12, -1.817829331263e-13, 2.4307614206469002e-11, -1.5147958534815152e-10, -2.2001801778e-15, 9.913949395549326e-16, 2.69357134146903e-05, -2.18504642647797e-06, -1.3954214472174899e-08, 8.805146175539998e-10]
[0.0, -1.386534194184823e-12, -1.817829331263e-13, 2.406453806440431e-11, -1.2518973995715002e-10, -1.8001474182e-15, 8.111413141813085e-16, 2.69357134146903e-05, -1.9864058422527e-06, -1.3954214472174899e-08, 9.685660793093997e-10]
[0.0, -1.4005395900856797e-12, -1.4873149073970001e-13, 2.941221318982749e-11, -1.2393784255757854e-10, -2.000163798e-15, 8.193346607892005e-16, 2.9629284756159337e-05, -2.207117602503e-06, -1.409516613351e-08, 9.685660793094e-10]
[0.0, -1.2604856310771117e-12, -1.6360463981367e-13, 2.941221318982749e-11, -1.2518973995715002e-10, -1.8001474182e-15, 1.2117049261226954e-15, 2.4242142073221273e-05, -2.207117602503e-06, -9.24783850019591e-09, 9.685660793093997e-10]

After CrossOver:
[0.0, -1.4005395900856797e-12, -1.817829331263e-13, 2.6738375627115903e-11, -1.3770871395286503e-10, -2.2001801778e-15, 9.913949395549326e-16, 2.69357134146903e-05, -2.18504642647797e-06, -1.3954214472174899e-08, 9.685660793093997e-10]
[0.0, -1.4005395900856797e-12, -1.817829331263e-13, 2.4307614206469002e-11, -1.5147958534815152e-10, -2.2001801778e-15, 9.913949395549326e-16, 2.69357134146903e-05, -2.18504642647797e-06, -1.3954214472174899e-08, 8.805146175539998e-10]
[0.0, -1.386534194184823e-12, -1.817829331263e-13, 2.406453806440431e-11, -1.2518973995715002e-10, -1.8001474182e-15, 8.193346607892005e-16, 2.9629284756159337e-05, -2.207117602503e-06, -1.409516613351e-08, 9.685660793094e-10]
[0.0, -1.4005395900856797e-12, -1.4873149073970001e-13, 2.941221318982749e-11, -1.2393784255757854e-10, -2.000163798e-15, 1.2117049261226954e-15, 2.4242142073221273e-05, -2.207117602503e-06, -9.24783850019591e-09, 9.685660793093997e-10]
[0.0, -1.2604856310771117e-12, -1.6360463981367e-13, 2.941221318982749e-11, -1.2518973995715002e-10, -1.8001474182e-15, 9.913949395549326e-16, 2.69357134146903e-05, -2.18504642647797e-06, -1.3954214472174899e-08, 9.685660793093997e-10]
[0.0, -1.4005395900856797e-12, -1.817829331263e-13, 2.6738375627115903e-11, -1.3770871395286503e-10, -2.2001801778e-15, 9.913949395549326e-16, 2.69357134146903e-05, -2.18504642647797e-06, -1.3954214472174899e-08, 8.805146175539998e-10]
[0.0, -1.4005395900856797e-12, -1.817829331263e-13, 2.4307614206469002e-11, -1.5147958534815152e-10, -2.2001801778e-15, 8.111413141813085e-16, 2.69357134146903e-05, -1.9864058422527e-06, -1.3954214472174899e-08, 9.685660793093997e-10]
[0.0, -1.386534194184823e-12, -1.817829331263e-13, 2.406453806440431e-11, -1.2518973995715002e-10, -1.8001474182e-15, 8.193346607892005e-16, 2.9629284756159337e-05, -2.207117602503e-06, -1.409516613351e-08, 9.685660793094e-10]
[0.0, -1.4005395900856797e-12, -1.4873149073970001e-13, 2.941221318982749e-11, -1.2393784255757854e-10, -2.000163798e-15, 1.2117049261226954e-15, 2.4242142073221273e-05, -2.207117602503e-06, -9.24783850019591e-09, 9.685660793093997e-10]
[0.0, -1.2604856310771117e-12, -1.6360463981367e-13, 2.941221318982749e-11, -1.2518973995715002e-10, -1.8001474182e-15, 9.913949395549326e-16, 2.69357134146903e-05, -2.18504642647797e-06, -1.3954214472174899e-08, 9.685660793093997e-10]

After Mutation:
[0.0, -1.4005395900856797e-12, -1.817829331263e-13, 2.6738375627115903e-11, -1.3770871395286503e-10, -2.2001801778e-15, 9.913949395549326e-16, 2.69357134146903e-05, -2.18504642647797e-06, -1.3954214472174899e-08, 9.685660793093997e-10]
[0.0, -1.5405935490942478e-12, -1.817829331263e-13, 2.18768527858221e-11, -1.3633162681333638e-10, -2.2001801778e-15, 1.0905344335104259e-15, 2.69357134146903e-05, -2.18504642647797e-06, -1.3954214472174899e-08, 8.805146175539998e-10]
[0.0, -1.386534194184823e-12, -1.817829331263e-13, 2.406453806440431e-11, -1.2518973995715002e-10, -1.8001474182e-15, 8.193346607892005e-16, 2.9629284756159337e-05, -2.207117602503e-06, -1.2685649520159e-08, 9.685660793094e-10]
[0.0, -1.4005395900856797e-12, -1.4873149073970001e-13, 2.941221318982749e-11, -1.2393784255757854e-10, -2.000163798e-15, 1.2117049261226954e-15, 2.66663562805434e-05, -2.207117602503e-06, -9.24783850019591e-09, 9.685660793093997e-10]
[0.0, -1.2604856310771117e-12, -1.6360463981367e-13, 2.941221318982749e-11, -1.2518973995715002e-10, -1.8001474182e-15, 9.913949395549326e-16, 2.69357134146903e-05, -1.966541783830173e-06, -1.3954214472174899e-08, 1.0654226872403398e-09]
[0.0, -1.4005395900856797e-12, -1.817829331263e-13, 2.6738375627115903e-11, -1.3770871395286503e-10, -2.4201981955800002e-15, 9.913949395549326e-16, 2.69357134146903e-05, -2.18504642647797e-06, -1.3954214472174899e-08, 9.685660793093997e-10]
[0.0, -1.2604856310771117e-12, -1.817829331263e-13, 2.4307614206469002e-11, -1.5147958534815152e-10, -2.2001801778e-15, 7.300271827631777e-16, 2.69357134146903e-05, -1.9864058422527e-06, -1.3954214472174899e-08, 9.685660793093997e-10]
[0.0, -1.386534194184823e-12, -1.9996122643893e-13, 2.406453806440431e-11, -1.2518973995715002e-10, -1.8001474182e-15, 9.012681268681205e-16, 2.9629284756159337e-05, -2.207117602503e-06, -1.409516613351e-08, 9.685660793094e-10]
[0.0, -1.4005395900856797e-12, -1.4873149073970001e-13, 3.235343450881024e-11, -1.2393784255757854e-10, -2.000163798e-15, 1.2117049261226954e-15, 2.1817927865899146e-05, -2.207117602503e-06, -8.32305465017632e-09, 9.685660793093997e-10]
[0.0, -1.2604856310771117e-12, -1.6360463981367e-13, 3.235343450881024e-11, -1.1267076596143502e-10, -1.8001474182e-15, 8.922554455994393e-16, 2.4242142073221273e-05, -2.18504642647797e-06, -1.255879302495741e-08, 9.685660793093997e-10]
Min of Generation: 3 :  469590346366.8263
Best vector of this gen  [ 0.00000000e+00 -1.26048563e-12 -1.63604640e-13  3.23534345e-11
 -1.12670766e-10 -1.80014742e-15  8.92255446e-16  2.42421421e-05
 -2.18504643e-06 -1.25587930e-08  9.68566079e-10]

Generation:  4
Intial popln: 
[0.0, -1.2604856310771117e-12, -1.6360463981367e-13, 2.941221318982749e-11, -1.2518973995715002e-10, -1.8001474182e-15, 9.913949395549326e-16, 2.69357134146903e-05, -1.966541783830173e-06, -1.3954214472174899e-08, 1.0654226872403398e-09]
[0.0, -1.2604856310771117e-12, -1.6360463981367e-13, 3.235343450881024e-11, -1.1267076596143502e-10, -1.8001474182e-15, 8.922554455994393e-16, 2.4242142073221273e-05, -2.18504642647797e-06, -1.255879302495741e-08, 9.685660793093997e-10]
[0.0, -1.4005395900856797e-12, -1.4873149073970001e-13, 2.941221318982749e-11, -1.2393784255757854e-10, -2.000163798e-15, 1.2117049261226954e-15, 2.66663562805434e-05, -2.207117602503e-06, -9.24783850019591e-09, 9.685660793093997e-10]
[0.0, -1.4005395900856797e-12, -1.4873149073970001e-13, 3.235343450881024e-11, -1.2393784255757854e-10, -2.000163798e-15, 1.2117049261226954e-15, 2.1817927865899146e-05, -2.207117602503e-06, -8.32305465017632e-09, 9.685660793093997e-10]
[0.0, -1.386534194184823e-12, -1.9996122643893e-13, 2.406453806440431e-11, -1.2518973995715002e-10, -1.8001474182e-15, 9.012681268681205e-16, 2.9629284756159337e-05, -2.207117602503e-06, -1.409516613351e-08, 9.685660793094e-10]
[0.0, -1.5405935490942478e-12, -1.817829331263e-13, 2.18768527858221e-11, -1.3633162681333638e-10, -2.2001801778e-15, 1.0905344335104259e-15, 2.69357134146903e-05, -2.18504642647797e-06, -1.3954214472174899e-08, 8.805146175539998e-10]
[0.0, -1.2604856310771117e-12, -1.817829331263e-13, 2.4307614206469002e-11, -1.5147958534815152e-10, -2.2001801778e-15, 7.300271827631777e-16, 2.69357134146903e-05, -1.9864058422527e-06, -1.3954214472174899e-08, 9.685660793093997e-10]
[0.0, -1.4005395900856797e-12, -1.817829331263e-13, 2.6738375627115903e-11, -1.3770871395286503e-10, -2.4201981955800002e-15, 9.913949395549326e-16, 2.69357134146903e-05, -2.18504642647797e-06, -1.3954214472174899e-08, 9.685660793093997e-10]
[0.0, -1.4005395900856797e-12, -1.817829331263e-13, 2.6738375627115903e-11, -1.3770871395286503e-10, -2.2001801778e-15, 9.913949395549326e-16, 2.69357134146903e-05, -2.18504642647797e-06, -1.3954214472174899e-08, 9.685660793093997e-10]
[0.0, -1.386534194184823e-12, -1.817829331263e-13, 2.406453806440431e-11, -1.2518973995715002e-10, -1.8001474182e-15, 8.193346607892005e-16, 2.9629284756159337e-05, -2.207117602503e-06, -1.2685649520159e-08, 9.685660793094e-10]

After Selection:
[0.0, -1.2604856310771117e-12, -1.6360463981367e-13, 2.941221318982749e-11, -1.2518973995715002e-10, -1.8001474182e-15, 9.913949395549326e-16, 2.69357134146903e-05, -1.966541783830173e-06, -1.3954214472174899e-08, 1.0654226872403398e-09]
[0.0, -1.2604856310771117e-12, -1.6360463981367e-13, 3.235343450881024e-11, -1.1267076596143502e-10, -1.8001474182e-15, 8.922554455994393e-16, 2.4242142073221273e-05, -2.18504642647797e-06, -1.255879302495741e-08, 9.685660793093997e-10]
[0.0, -1.4005395900856797e-12, -1.4873149073970001e-13, 2.941221318982749e-11, -1.2393784255757854e-10, -2.000163798e-15, 1.2117049261226954e-15, 2.66663562805434e-05, -2.207117602503e-06, -9.24783850019591e-09, 9.685660793093997e-10]
[0.0, -1.4005395900856797e-12, -1.4873149073970001e-13, 3.235343450881024e-11, -1.2393784255757854e-10, -2.000163798e-15, 1.2117049261226954e-15, 2.1817927865899146e-05, -2.207117602503e-06, -8.32305465017632e-09, 9.685660793093997e-10]
[0.0, -1.386534194184823e-12, -1.9996122643893e-13, 2.406453806440431e-11, -1.2518973995715002e-10, -1.8001474182e-15, 9.012681268681205e-16, 2.9629284756159337e-05, -2.207117602503e-06, -1.409516613351e-08, 9.685660793094e-10]

After CrossOver:
[0.0, -1.2604856310771117e-12, -1.6360463981367e-13, 2.941221318982749e-11, -1.2518973995715002e-10, -1.8001474182e-15, 9.913949395549326e-16, 2.69357134146903e-05, -1.966541783830173e-06, -1.3954214472174899e-08, 1.0654226872403398e-09]
[0.0, -1.2604856310771117e-12, -1.6360463981367e-13, 3.235343450881024e-11, -1.1267076596143502e-10, -1.8001474182e-15, 8.922554455994393e-16, 2.4242142073221273e-05, -2.18504642647797e-06, -1.255879302495741e-08, 9.685660793093997e-10]
[0.0, -1.4005395900856797e-12, -1.4873149073970001e-13, 2.941221318982749e-11, -1.2393784255757854e-10, -2.000163798e-15, 1.2117049261226954e-15, 2.1817927865899146e-05, -2.207117602503e-06, -8.32305465017632e-09, 9.685660793093997e-10]
[0.0, -1.4005395900856797e-12, -1.4873149073970001e-13, 3.235343450881024e-11, -1.2393784255757854e-10, -2.000163798e-15, 9.012681268681205e-16, 2.9629284756159337e-05, -2.207117602503e-06, -1.409516613351e-08, 9.685660793094e-10]
[0.0, -1.386534194184823e-12, -1.9996122643893e-13, 2.406453806440431e-11, -1.2518973995715002e-10, -1.8001474182e-15, 9.913949395549326e-16, 2.69357134146903e-05, -1.966541783830173e-06, -1.3954214472174899e-08, 1.0654226872403398e-09]
[0.0, -1.2604856310771117e-12, -1.6360463981367e-13, 2.941221318982749e-11, -1.2518973995715002e-10, -1.8001474182e-15, 8.922554455994393e-16, 2.4242142073221273e-05, -2.18504642647797e-06, -1.255879302495741e-08, 9.685660793093997e-10]
[0.0, -1.2604856310771117e-12, -1.6360463981367e-13, 3.235343450881024e-11, -1.1267076596143502e-10, -1.8001474182e-15, 1.2117049261226954e-15, 2.66663562805434e-05, -2.207117602503e-06, -9.24783850019591e-09, 9.685660793093997e-10]
[0.0, -1.4005395900856797e-12, -1.4873149073970001e-13, 2.941221318982749e-11, -1.2393784255757854e-10, -2.000163798e-15, 1.2117049261226954e-15, 2.1817927865899146e-05, -2.207117602503e-06, -8.32305465017632e-09, 9.685660793093997e-10]
[0.0, -1.4005395900856797e-12, -1.4873149073970001e-13, 3.235343450881024e-11, -1.2393784255757854e-10, -2.000163798e-15, 9.012681268681205e-16, 2.9629284756159337e-05, -2.207117602503e-06, -1.409516613351e-08, 9.685660793094e-10]
[0.0, -1.386534194184823e-12, -1.9996122643893e-13, 2.406453806440431e-11, -1.2518973995715002e-10, -1.8001474182e-15, 9.913949395549326e-16, 2.69357134146903e-05, -1.966541783830173e-06, -1.3954214472174899e-08, 1.0654226872403398e-09]

After Mutation:
[0.0, -1.2604856310771117e-12, -1.47244175832303e-13, 3.235343450881024e-11, -1.2518973995715002e-10, -1.8001474182e-15, 9.913949395549326e-16, 2.69357134146903e-05, -1.966541783830173e-06, -1.534963591939239e-08, 1.0654226872403398e-09]
[0.0, -1.386534194184823e-12, -1.7996510379503699e-13, 2.911809105792922e-11, -1.239378425575785e-10, -1.62013267638e-15, 8.922554455994393e-16, 2.1817927865899146e-05, -2.18504642647797e-06, -1.381467232745315e-08, 8.717094713784598e-10]
[0.0, -1.4005395900856797e-12, -1.6360463981367002e-13, 2.941221318982749e-11, -1.2393784255757854e-10, -2.2001801778e-15, 1.2117049261226954e-15, 2.399972065248906e-05, -2.207117602503e-06, -8.32305465017632e-09, 9.685660793093997e-10]
[0.0, -1.4005395900856797e-12, -1.4873149073970001e-13, 3.5588777959691265e-11, -1.2393784255757854e-10, -2.2001801778e-15, 9.012681268681205e-16, 2.9629284756159337e-05, -2.207117602503e-06, -1.409516613351e-08, 9.685660793094e-10]
[0.0, -1.2478807747663406e-12, -1.9996122643893e-13, 2.406453806440431e-11, -1.2518973995715002e-10, -1.8001474182e-15, 8.922554455994393e-16, 2.69357134146903e-05, -1.966541783830173e-06, -1.3954214472174899e-08, 9.588804185163059e-10]
[0.0, -1.1344370679694005e-12, -1.6360463981367e-13, 2.941221318982749e-11, -1.2518973995715002e-10, -1.8001474182e-15, 8.922554455994393e-16, 2.1817927865899146e-05, -1.966541783830173e-06, -1.255879302495741e-08, 9.685660793093997e-10]
[0.0, -1.2604856310771117e-12, -1.6360463981367e-13, 2.911809105792922e-11, -1.239378425575785e-10, -1.8001474182e-15, 1.0905344335104259e-15, 2.933299190859774e-05, -2.4278293627533e-06, -9.24783850019591e-09, 9.685660793093997e-10]
[0.0, -1.4005395900856797e-12, -1.4873149073970001e-13, 3.235343450881024e-11, -1.2393784255757854e-10, -2.000163798e-15, 1.2117049261226954e-15, 2.1817927865899146e-05, -2.207117602503e-06, -8.32305465017632e-09, 9.685660793093997e-10]
[0.0, -1.4005395900856797e-12, -1.4873149073970001e-13, 3.235343450881024e-11, -1.1154405830182068e-10, -2.000163798e-15, 9.012681268681205e-16, 2.9629284756159337e-05, -2.4278293627533e-06, -1.2685649520159e-08, 9.685660793094e-10]
[0.0, -1.2478807747663406e-12, -1.9996122643893e-13, 2.647099187084474e-11, -1.1267076596143502e-10, -1.62013267638e-15, 9.913949395549326e-16, 2.69357134146903e-05, -1.7698876054471557e-06, -1.3954214472174899e-08, 9.588804185163059e-10]
Min of Generation: 4 :  595048090224.8147
Best vector of this gen  [ 0.00000000e+00 -1.40053959e-12 -1.48731491e-13  3.55887780e-11
 -1.23937843e-10 -2.20018018e-15  9.01268127e-16  2.96292848e-05
 -2.20711760e-06 -1.40951661e-08  9.68566079e-10]

Generation:  5
Intial popln: 
[0.0, -1.4005395900856797e-12, -1.4873149073970001e-13, 3.235343450881024e-11, -1.1154405830182068e-10, -2.000163798e-15, 9.012681268681205e-16, 2.9629284756159337e-05, -2.4278293627533e-06, -1.2685649520159e-08, 9.685660793094e-10]
[0.0, -1.2478807747663406e-12, -1.9996122643893e-13, 2.406453806440431e-11, -1.2518973995715002e-10, -1.8001474182e-15, 8.922554455994393e-16, 2.69357134146903e-05, -1.966541783830173e-06, -1.3954214472174899e-08, 9.588804185163059e-10]
[0.0, -1.386534194184823e-12, -1.7996510379503699e-13, 2.911809105792922e-11, -1.239378425575785e-10, -1.62013267638e-15, 8.922554455994393e-16, 2.1817927865899146e-05, -2.18504642647797e-06, -1.381467232745315e-08, 8.717094713784598e-10]
[0.0, -1.2604856310771117e-12, -1.47244175832303e-13, 3.235343450881024e-11, -1.2518973995715002e-10, -1.8001474182e-15, 9.913949395549326e-16, 2.69357134146903e-05, -1.966541783830173e-06, -1.534963591939239e-08, 1.0654226872403398e-09]
[0.0, -1.4005395900856797e-12, -1.4873149073970001e-13, 3.235343450881024e-11, -1.2393784255757854e-10, -2.000163798e-15, 1.2117049261226954e-15, 2.1817927865899146e-05, -2.207117602503e-06, -8.32305465017632e-09, 9.685660793093997e-10]
[0.0, -1.1344370679694005e-12, -1.6360463981367e-13, 2.941221318982749e-11, -1.2518973995715002e-10, -1.8001474182e-15, 8.922554455994393e-16, 2.1817927865899146e-05, -1.966541783830173e-06, -1.255879302495741e-08, 9.685660793093997e-10]
[0.0, -1.4005395900856797e-12, -1.6360463981367002e-13, 2.941221318982749e-11, -1.2393784255757854e-10, -2.2001801778e-15, 1.2117049261226954e-15, 2.399972065248906e-05, -2.207117602503e-06, -8.32305465017632e-09, 9.685660793093997e-10]
[0.0, -1.2604856310771117e-12, -1.6360463981367e-13, 2.911809105792922e-11, -1.239378425575785e-10, -1.8001474182e-15, 1.0905344335104259e-15, 2.933299190859774e-05, -2.4278293627533e-06, -9.24783850019591e-09, 9.685660793093997e-10]
[0.0, -1.4005395900856797e-12, -1.4873149073970001e-13, 3.5588777959691265e-11, -1.2393784255757854e-10, -2.2001801778e-15, 9.012681268681205e-16, 2.9629284756159337e-05, -2.207117602503e-06, -1.409516613351e-08, 9.685660793094e-10]
[0.0, -1.2478807747663406e-12, -1.9996122643893e-13, 2.647099187084474e-11, -1.1267076596143502e-10, -1.62013267638e-15, 9.913949395549326e-16, 2.69357134146903e-05, -1.7698876054471557e-06, -1.3954214472174899e-08, 9.588804185163059e-10]

After Selection:
[0.0, -1.4005395900856797e-12, -1.4873149073970001e-13, 3.235343450881024e-11, -1.1154405830182068e-10, -2.000163798e-15, 9.012681268681205e-16, 2.9629284756159337e-05, -2.4278293627533e-06, -1.2685649520159e-08, 9.685660793094e-10]
[0.0, -1.2478807747663406e-12, -1.9996122643893e-13, 2.406453806440431e-11, -1.2518973995715002e-10, -1.8001474182e-15, 8.922554455994393e-16, 2.69357134146903e-05, -1.966541783830173e-06, -1.3954214472174899e-08, 9.588804185163059e-10]
[0.0, -1.386534194184823e-12, -1.7996510379503699e-13, 2.911809105792922e-11, -1.239378425575785e-10, -1.62013267638e-15, 8.922554455994393e-16, 2.1817927865899146e-05, -2.18504642647797e-06, -1.381467232745315e-08, 8.717094713784598e-10]
[0.0, -1.2604856310771117e-12, -1.47244175832303e-13, 3.235343450881024e-11, -1.2518973995715002e-10, -1.8001474182e-15, 9.913949395549326e-16, 2.69357134146903e-05, -1.966541783830173e-06, -1.534963591939239e-08, 1.0654226872403398e-09]
[0.0, -1.4005395900856797e-12, -1.4873149073970001e-13, 3.235343450881024e-11, -1.2393784255757854e-10, -2.000163798e-15, 1.2117049261226954e-15, 2.1817927865899146e-05, -2.207117602503e-06, -8.32305465017632e-09, 9.685660793093997e-10]

After CrossOver:
[0.0, -1.4005395900856797e-12, -1.4873149073970001e-13, 3.235343450881024e-11, -1.1154405830182068e-10, -2.000163798e-15, 9.012681268681205e-16, 2.9629284756159337e-05, -2.4278293627533e-06, -1.2685649520159e-08, 9.685660793094e-10]
[0.0, -1.2478807747663406e-12, -1.9996122643893e-13, 2.406453806440431e-11, -1.2518973995715002e-10, -1.8001474182e-15, 8.922554455994393e-16, 2.69357134146903e-05, -1.966541783830173e-06, -1.3954214472174899e-08, 9.588804185163059e-10]
[0.0, -1.386534194184823e-12, -1.7996510379503699e-13, 2.911809105792922e-11, -1.239378425575785e-10, -1.62013267638e-15, 9.913949395549326e-16, 2.69357134146903e-05, -1.966541783830173e-06, -1.534963591939239e-08, 1.0654226872403398e-09]
[0.0, -1.2604856310771117e-12, -1.47244175832303e-13, 3.235343450881024e-11, -1.2518973995715002e-10, -1.8001474182e-15, 1.2117049261226954e-15, 2.1817927865899146e-05, -2.207117602503e-06, -8.32305465017632e-09, 9.685660793093997e-10]
[0.0, -1.4005395900856797e-12, -1.4873149073970001e-13, 3.235343450881024e-11, -1.2393784255757854e-10, -2.000163798e-15, 9.012681268681205e-16, 2.9629284756159337e-05, -2.4278293627533e-06, -1.2685649520159e-08, 9.685660793094e-10]
[0.0, -1.4005395900856797e-12, -1.4873149073970001e-13, 3.235343450881024e-11, -1.1154405830182068e-10, -2.000163798e-15, 8.922554455994393e-16, 2.69357134146903e-05, -1.966541783830173e-06, -1.3954214472174899e-08, 9.588804185163059e-10]
[0.0, -1.2478807747663406e-12, -1.9996122643893e-13, 2.406453806440431e-11, -1.2518973995715002e-10, -1.8001474182e-15, 8.922554455994393e-16, 2.1817927865899146e-05, -2.18504642647797e-06, -1.381467232745315e-08, 8.717094713784598e-10]
[0.0, -1.386534194184823e-12, -1.7996510379503699e-13, 2.911809105792922e-11, -1.239378425575785e-10, -1.62013267638e-15, 9.913949395549326e-16, 2.69357134146903e-05, -1.966541783830173e-06, -1.534963591939239e-08, 1.0654226872403398e-09]
[0.0, -1.2604856310771117e-12, -1.47244175832303e-13, 3.235343450881024e-11, -1.2518973995715002e-10, -1.8001474182e-15, 1.2117049261226954e-15, 2.1817927865899146e-05, -2.207117602503e-06, -8.32305465017632e-09, 9.685660793093997e-10]
