Generation:  1
Intial popln: 
[0.0, -1.3121912e-12, -1.85473863e-13, 4.1165158100000005e-11, -1.73462665e-10, -2.000163798e-15, 7.67649654e-16, 3.053624167e-05, -2.25193103e-06, -1.43813551e-08, 9.88231894e-10]
[0.0, -1.18097208e-12, -1.85473863e-13, 4.1165158100000005e-11, -1.73462665e-10, -2.22240422e-15, 8.444146194e-16, 2.77602197e-05, -2.25193103e-06, -1.43813551e-08, 9.88231894e-10]
[0.0, -1.3121912e-12, -2.040212493e-13, 3.7422871e-11, -1.73462665e-10, -2.22240422e-15, 7.67649654e-16, 2.77602197e-05, -2.25193103e-06, -1.43813551e-08, 9.88231894e-10]
[0.0, -1.3121912e-12, -1.85473863e-13, 3.36805839e-11, -1.73462665e-10, -2.22240422e-15, 7.67649654e-16, 2.77602197e-05, -2.25193103e-06, -1.43813551e-08, 9.88231894e-10]
[0.0, -1.44341032e-12, -1.85473863e-13, 3.7422871e-11, -1.73462665e-10, -2.444644642e-15, 7.67649654e-16, 2.77602197e-05, -2.026737927e-06, -1.581949061e-08, 8.894087045999999e-10]
[0.0, -1.3121912e-12, -2.040212493e-13, 3.7422871e-11, -1.561163985e-10, -2.000163798e-15, 8.444146194e-16, 3.053624167e-05, -2.25193103e-06, -1.43813551e-08, 8.894087045999999e-10]
[0.0, -1.3121912e-12, -1.85473863e-13, 3.7422871e-11, -1.908089315e-10, -2.22240422e-15, 6.908846886e-16, 3.053624167e-05, -2.026737927e-06, -1.43813551e-08, 9.88231894e-10]
[0.0, -1.18097208e-12, -1.669264767e-13, 4.1165158100000005e-11, -1.73462665e-10, -2.22240422e-15, 7.67649654e-16, 2.77602197e-05, -2.477124133e-06, -1.581949061e-08, 9.88231894e-10]
[-3.1962106874219742, -4.344382871955281, 8.192026850107005, 5.630750537112652, -8.862740921940668, -1.079368672087531, -1.408067785766514, 6.318689526722949, 4.806369719617541, 2.844540214820486, 1.1683998931054713]
[-7.860222560376102, -9.156380145995115, 3.684002066633952, 5.2624839662570935, 6.03998040947976, 2.1555738793499852, -5.729714787109942, -3.9505721492042363, 1.1820763944785313, -3.697872676518166, 7.816304396938396]

After Selection:
[0.0, -1.3121912e-12, -1.85473863e-13, 4.1165158100000005e-11, -1.73462665e-10, -2.000163798e-15, 7.67649654e-16, 3.053624167e-05, -2.25193103e-06, -1.43813551e-08, 9.88231894e-10]
[0.0, -1.18097208e-12, -1.85473863e-13, 4.1165158100000005e-11, -1.73462665e-10, -2.22240422e-15, 8.444146194e-16, 2.77602197e-05, -2.25193103e-06, -1.43813551e-08, 9.88231894e-10]
[0.0, -1.3121912e-12, -2.040212493e-13, 3.7422871e-11, -1.73462665e-10, -2.22240422e-15, 7.67649654e-16, 2.77602197e-05, -2.25193103e-06, -1.43813551e-08, 9.88231894e-10]
[0.0, -1.3121912e-12, -1.85473863e-13, 3.36805839e-11, -1.73462665e-10, -2.22240422e-15, 7.67649654e-16, 2.77602197e-05, -2.25193103e-06, -1.43813551e-08, 9.88231894e-10]
[0.0, -1.44341032e-12, -1.85473863e-13, 3.7422871e-11, -1.73462665e-10, -2.444644642e-15, 7.67649654e-16, 2.77602197e-05, -2.026737927e-06, -1.581949061e-08, 8.894087045999999e-10]

After CrossOver:
[0.0, -1.3121912e-12, -1.85473863e-13, 4.1165158100000005e-11, -1.73462665e-10, -2.000163798e-15, 7.67649654e-16, 3.053624167e-05, -2.25193103e-06, -1.43813551e-08, 9.88231894e-10]
[0.0, -1.18097208e-12, -1.85473863e-13, 4.1165158100000005e-11, -1.73462665e-10, -2.22240422e-15, 8.444146194e-16, 2.77602197e-05, -2.25193103e-06, -1.43813551e-08, 9.88231894e-10]
[0.0, -1.3121912e-12, -2.040212493e-13, 3.7422871e-11, -1.73462665e-10, -2.22240422e-15, 7.67649654e-16, 2.77602197e-05, -2.25193103e-06, -1.43813551e-08, 9.88231894e-10]
[0.0, -1.3121912e-12, -1.85473863e-13, 3.36805839e-11, -1.73462665e-10, -2.22240422e-15, 7.67649654e-16, 2.77602197e-05, -2.026737927e-06, -1.581949061e-08, 8.894087045999999e-10]
[0.0, -1.44341032e-12, -1.85473863e-13, 3.7422871e-11, -1.73462665e-10, -2.444644642e-15, 7.67649654e-16, 3.053624167e-05, -2.25193103e-06, -1.43813551e-08, 9.88231894e-10]
[0.0, -1.3121912e-12, -1.85473863e-13, 4.1165158100000005e-11, -1.73462665e-10, -2.000163798e-15, 8.444146194e-16, 2.77602197e-05, -2.25193103e-06, -1.43813551e-08, 9.88231894e-10]
[0.0, -1.18097208e-12, -1.85473863e-13, 4.1165158100000005e-11, -1.73462665e-10, -2.22240422e-15, 7.67649654e-16, 2.77602197e-05, -2.25193103e-06, -1.43813551e-08, 9.88231894e-10]
[0.0, -1.3121912e-12, -2.040212493e-13, 3.7422871e-11, -1.73462665e-10, -2.22240422e-15, 7.67649654e-16, 2.77602197e-05, -2.25193103e-06, -1.43813551e-08, 9.88231894e-10]
[0.0, -1.3121912e-12, -1.85473863e-13, 3.36805839e-11, -1.73462665e-10, -2.22240422e-15, 7.67649654e-16, 2.77602197e-05, -2.026737927e-06, -1.581949061e-08, 8.894087045999999e-10]
[0.0, -1.44341032e-12, -1.85473863e-13, 3.7422871e-11, -1.73462665e-10, -2.444644642e-15, 7.67649654e-16, 3.053624167e-05, -2.25193103e-06, -1.43813551e-08, 9.88231894e-10]

After Mutation:
[0.0, -1.3121912e-12, -1.85473863e-13, 4.5281673910000004e-11, -1.73462665e-10, -2.000163798e-15, 7.67649654e-16, 3.053624167e-05, -2.25193103e-06, -1.43813551e-08, 9.88231894e-10]
[0.0, -1.299069288e-12, -2.040212493e-13, 4.1165158100000005e-11, -1.73462665e-10, -2.22240422e-15, 7.5997315746e-16, 2.77602197e-05, -2.25193103e-06, -1.2943219590000001e-08, 8.894087045999999e-10]
[0.0, -1.18097208e-12, -2.040212493e-13, 3.7422871e-11, -1.73462665e-10, -2.22240422e-15, 7.67649654e-16, 2.77602197e-05, -2.477124133e-06, -1.43813551e-08, 1.0870550834e-09]
[0.0, -1.3121912e-12, -2.040212493e-13, 3.36805839e-11, -1.73462665e-10, -2.22240422e-15, 7.67649654e-16, 2.77602197e-05, -2.026737927e-06, -1.581949061e-08, 8.894087045999999e-10]
[0.0, -1.44341032e-12, -1.85473863e-13, 3.7422871e-11, -1.561163985e-10, -2.444644642e-15, 7.67649654e-16, 3.053624167e-05, -2.25193103e-06, -1.43813551e-08, 8.894087045999999e-10]
[0.0, -1.3121912e-12, -1.85473863e-13, 4.1165158100000005e-11, -1.73462665e-10, -2.000163798e-15, 9.2885608134e-16, 2.77602197e-05, -2.25193103e-06, -1.43813551e-08, 9.88231894e-10]
[0.0, -1.18097208e-12, -1.85473863e-13, 3.7048642290000006e-11, -1.73462665e-10, -2.22240422e-15, 6.908846886e-16, 2.77602197e-05, -2.25193103e-06, -1.43813551e-08, 8.894087045999999e-10]
[0.0, -1.18097208e-12, -2.040212493e-13, 3.7422871e-11, -1.561163985e-10, -2.22240422e-15, 7.67649654e-16, 2.498419773e-05, -2.25193103e-06, -1.43813551e-08, 8.894087045999999e-10]
[0.0, -1.44341032e-12, -1.85473863e-13, 3.36805839e-11, -1.561163985e-10, -2.22240422e-15, 7.67649654e-16, 2.498419773e-05, -2.2294117197e-06, -1.581949061e-08, 8.0046783414e-10]
[0.0, -1.5877513519999999e-12, -1.85473863e-13, 3.7422871e-11, -1.73462665e-10, -2.2001801778e-15, 6.908846886e-16, 2.7482617503e-05, -2.25193103e-06, -1.581949061e-08, 9.88231894e-10]
Min of Generation: 1 :  702917064406.0929
Best vector of this gen  [ 0.00000000e+00 -1.31219120e-12 -1.85473863e-13  4.52816739e-11
 -1.73462665e-10 -2.00016380e-15  7.67649654e-16  3.05362417e-05
 -2.25193103e-06 -1.43813551e-08  9.88231894e-10]

Generation:  2
Intial popln: 
[0.0, -1.3121912e-12, -1.85473863e-13, 4.5281673910000004e-11, -1.73462665e-10, -2.000163798e-15, 7.67649654e-16, 3.053624167e-05, -2.25193103e-06, -1.43813551e-08, 9.88231894e-10]
[0.0, -1.299069288e-12, -2.040212493e-13, 4.1165158100000005e-11, -1.73462665e-10, -2.22240422e-15, 7.5997315746e-16, 2.77602197e-05, -2.25193103e-06, -1.2943219590000001e-08, 8.894087045999999e-10]
[0.0, -1.18097208e-12, -2.040212493e-13, 3.7422871e-11, -1.73462665e-10, -2.22240422e-15, 7.67649654e-16, 2.77602197e-05, -2.477124133e-06, -1.43813551e-08, 1.0870550834e-09]
[0.0, -1.3121912e-12, -2.040212493e-13, 3.36805839e-11, -1.73462665e-10, -2.22240422e-15, 7.67649654e-16, 2.77602197e-05, -2.026737927e-06, -1.581949061e-08, 8.894087045999999e-10]
[0.0, -1.44341032e-12, -1.85473863e-13, 3.36805839e-11, -1.561163985e-10, -2.22240422e-15, 7.67649654e-16, 2.498419773e-05, -2.2294117197e-06, -1.581949061e-08, 8.0046783414e-10]
[0.0, -1.3121912e-12, -1.85473863e-13, 4.1165158100000005e-11, -1.73462665e-10, -2.000163798e-15, 9.2885608134e-16, 2.77602197e-05, -2.25193103e-06, -1.43813551e-08, 9.88231894e-10]
[0.0, -1.5877513519999999e-12, -1.85473863e-13, 3.7422871e-11, -1.73462665e-10, -2.2001801778e-15, 6.908846886e-16, 2.7482617503e-05, -2.25193103e-06, -1.581949061e-08, 9.88231894e-10]
[0.0, -1.44341032e-12, -1.85473863e-13, 3.7422871e-11, -1.561163985e-10, -2.444644642e-15, 7.67649654e-16, 3.053624167e-05, -2.25193103e-06, -1.43813551e-08, 8.894087045999999e-10]
[0.0, -1.18097208e-12, -1.85473863e-13, 3.7048642290000006e-11, -1.73462665e-10, -2.22240422e-15, 6.908846886e-16, 2.77602197e-05, -2.25193103e-06, -1.43813551e-08, 8.894087045999999e-10]
[0.0, -1.18097208e-12, -2.040212493e-13, 3.7422871e-11, -1.561163985e-10, -2.22240422e-15, 7.67649654e-16, 2.498419773e-05, -2.25193103e-06, -1.43813551e-08, 8.894087045999999e-10]

After Selection:
[0.0, -1.3121912e-12, -1.85473863e-13, 4.5281673910000004e-11, -1.73462665e-10, -2.000163798e-15, 7.67649654e-16, 3.053624167e-05, -2.25193103e-06, -1.43813551e-08, 9.88231894e-10]
[0.0, -1.299069288e-12, -2.040212493e-13, 4.1165158100000005e-11, -1.73462665e-10, -2.22240422e-15, 7.5997315746e-16, 2.77602197e-05, -2.25193103e-06, -1.2943219590000001e-08, 8.894087045999999e-10]
[0.0, -1.18097208e-12, -2.040212493e-13, 3.7422871e-11, -1.73462665e-10, -2.22240422e-15, 7.67649654e-16, 2.77602197e-05, -2.477124133e-06, -1.43813551e-08, 1.0870550834e-09]
[0.0, -1.3121912e-12, -2.040212493e-13, 3.36805839e-11, -1.73462665e-10, -2.22240422e-15, 7.67649654e-16, 2.77602197e-05, -2.026737927e-06, -1.581949061e-08, 8.894087045999999e-10]
[0.0, -1.44341032e-12, -1.85473863e-13, 3.36805839e-11, -1.561163985e-10, -2.22240422e-15, 7.67649654e-16, 2.498419773e-05, -2.2294117197e-06, -1.581949061e-08, 8.0046783414e-10]

After CrossOver:
[0.0, -1.3121912e-12, -1.85473863e-13, 4.5281673910000004e-11, -1.73462665e-10, -2.000163798e-15, 7.67649654e-16, 3.053624167e-05, -2.25193103e-06, -1.43813551e-08, 9.88231894e-10]
[0.0, -1.299069288e-12, -2.040212493e-13, 4.1165158100000005e-11, -1.73462665e-10, -2.22240422e-15, 7.5997315746e-16, 2.77602197e-05, -2.25193103e-06, -1.2943219590000001e-08, 8.894087045999999e-10]
[0.0, -1.18097208e-12, -2.040212493e-13, 3.7422871e-11, -1.73462665e-10, -2.22240422e-15, 7.67649654e-16, 2.77602197e-05, -2.026737927e-06, -1.581949061e-08, 8.894087045999999e-10]
[0.0, -1.3121912e-12, -2.040212493e-13, 3.36805839e-11, -1.73462665e-10, -2.22240422e-15, 7.67649654e-16, 2.498419773e-05, -2.2294117197e-06, -1.581949061e-08, 8.0046783414e-10]
[0.0, -1.44341032e-12, -1.85473863e-13, 3.36805839e-11, -1.561163985e-10, -2.22240422e-15, 7.67649654e-16, 3.053624167e-05, -2.25193103e-06, -1.43813551e-08, 9.88231894e-10]
[0.0, -1.3121912e-12, -1.85473863e-13, 4.5281673910000004e-11, -1.73462665e-10, -2.000163798e-15, 7.5997315746e-16, 2.77602197e-05, -2.25193103e-06, -1.2943219590000001e-08, 8.894087045999999e-10]
[0.0, -1.299069288e-12, -2.040212493e-13, 4.1165158100000005e-11, -1.73462665e-10, -2.22240422e-15, 7.67649654e-16, 2.77602197e-05, -2.477124133e-06, -1.43813551e-08, 1.0870550834e-09]
[0.0, -1.18097208e-12, -2.040212493e-13, 3.7422871e-11, -1.73462665e-10, -2.22240422e-15, 7.67649654e-16, 2.77602197e-05, -2.026737927e-06, -1.581949061e-08, 8.894087045999999e-10]
[0.0, -1.3121912e-12, -2.040212493e-13, 3.36805839e-11, -1.73462665e-10, -2.22240422e-15, 7.67649654e-16, 2.498419773e-05, -2.2294117197e-06, -1.581949061e-08, 8.0046783414e-10]
[0.0, -1.44341032e-12, -1.85473863e-13, 3.36805839e-11, -1.561163985e-10, -2.22240422e-15, 7.67649654e-16, 3.053624167e-05, -2.25193103e-06, -1.43813551e-08, 9.88231894e-10]

After Mutation:
[0.0, -1.3121912e-12, -1.85473863e-13, 4.5281673910000004e-11, -1.908089315e-10, -2.2001801778e-15, 7.67649654e-16, 3.3589865837e-05, -2.477124133e-06, -1.43813551e-08, 9.88231894e-10]
[0.0, -1.299069288e-12, -2.040212493e-13, 3.7048642290000006e-11, -1.73462665e-10, -2.444644642e-15, 7.5997315746e-16, 2.77602197e-05, -2.25193103e-06, -1.2943219590000001e-08, 8.894087045999999e-10]
[0.0, -1.299069288e-12, -2.040212493e-13, 3.7422871e-11, -1.73462665e-10, -2.22240422e-15, 7.67649654e-16, 2.77602197e-05, -2.026737927e-06, -1.4237541549e-08, 8.894087045999999e-10]
[0.0, -1.3121912e-12, -2.040212493e-13, 3.36805839e-11, -1.561163985e-10, -2.000163798e-15, 7.67649654e-16, 2.498419773e-05, -2.2294117197e-06, -1.7401439671e-08, 8.0046783414e-10]
[0.0, -1.299069288e-12, -2.040212493e-13, 3.031252551e-11, -1.4050475865e-10, -2.22240422e-15, 6.908846886e-16, 3.053624167e-05, -2.25193103e-06, -1.43813551e-08, 9.88231894e-10]
[0.0, -1.3121912e-12, -1.85473863e-13, 4.5281673910000004e-11, -1.561163985e-10, -2.000163798e-15, 7.5997315746e-16, 3.053624167e-05, -2.25193103e-06, -1.2943219590000001e-08, 8.894087045999999e-10]
[0.0, -1.299069288e-12, -2.040212493e-13, 3.7048642290000006e-11, -1.73462665e-10, -2.22240422e-15, 7.67649654e-16, 2.77602197e-05, -2.477124133e-06, -1.43813551e-08, 9.783495750599999e-10]
[0.0, -1.18097208e-12, -2.2442337423e-13, 3.7422871e-11, -1.73462665e-10, -2.444644642e-15, 8.444146194e-16, 3.053624167e-05, -2.026737927e-06, -1.581949061e-08, 8.894087045999999e-10]
[0.0, -1.3121912e-12, -2.040212493e-13, 3.36805839e-11, -1.561163985e-10, -2.22240422e-15, 7.67649654e-16, 2.7482617503e-05, -2.00647054773e-06, -1.581949061e-08, 7.20421050726e-10]
[0.0, -1.44341032e-12, -1.85473863e-13, 3.704864229e-11, -1.561163985e-10, -2.22240422e-15, 8.444146194e-16, 2.7482617503e-05, -2.25193103e-06, -1.43813551e-08, 1.0870550834e-09]
Min of Generation: 2 :  660625887488.8602
Best vector of this gen  [ 0.00000000e+00 -1.29906929e-12 -2.04021249e-13  3.03125255e-11
 -1.40504759e-10 -2.22240422e-15  6.90884689e-16  3.05362417e-05
 -2.25193103e-06 -1.43813551e-08  9.88231894e-10]

Generation:  3
Intial popln: 
[0.0, -1.3121912e-12, -1.85473863e-13, 4.5281673910000004e-11, -1.908089315e-10, -2.2001801778e-15, 7.67649654e-16, 3.3589865837e-05, -2.477124133e-06, -1.43813551e-08, 9.88231894e-10]
[0.0, -1.18097208e-12, -2.2442337423e-13, 3.7422871e-11, -1.73462665e-10, -2.444644642e-15, 8.444146194e-16, 3.053624167e-05, -2.026737927e-06, -1.581949061e-08, 8.894087045999999e-10]
[0.0, -1.299069288e-12, -2.040212493e-13, 3.7048642290000006e-11, -1.73462665e-10, -2.22240422e-15, 7.67649654e-16, 2.77602197e-05, -2.477124133e-06, -1.43813551e-08, 9.783495750599999e-10]
[0.0, -1.44341032e-12, -1.85473863e-13, 3.704864229e-11, -1.561163985e-10, -2.22240422e-15, 8.444146194e-16, 2.7482617503e-05, -2.25193103e-06, -1.43813551e-08, 1.0870550834e-09]
[0.0, -1.299069288e-12, -2.040212493e-13, 3.031252551e-11, -1.4050475865e-10, -2.22240422e-15, 6.908846886e-16, 3.053624167e-05, -2.25193103e-06, -1.43813551e-08, 9.88231894e-10]
[0.0, -1.3121912e-12, -2.040212493e-13, 3.36805839e-11, -1.561163985e-10, -2.000163798e-15, 7.67649654e-16, 2.498419773e-05, -2.2294117197e-06, -1.7401439671e-08, 8.0046783414e-10]
[0.0, -1.299069288e-12, -2.040212493e-13, 3.7422871e-11, -1.73462665e-10, -2.22240422e-15, 7.67649654e-16, 2.77602197e-05, -2.026737927e-06, -1.4237541549e-08, 8.894087045999999e-10]
[0.0, -1.299069288e-12, -2.040212493e-13, 3.7048642290000006e-11, -1.73462665e-10, -2.444644642e-15, 7.5997315746e-16, 2.77602197e-05, -2.25193103e-06, -1.2943219590000001e-08, 8.894087045999999e-10]
[0.0, -1.3121912e-12, -2.040212493e-13, 3.36805839e-11, -1.561163985e-10, -2.22240422e-15, 7.67649654e-16, 2.7482617503e-05, -2.00647054773e-06, -1.581949061e-08, 7.20421050726e-10]
[0.0, -1.3121912e-12, -1.85473863e-13, 4.5281673910000004e-11, -1.561163985e-10, -2.000163798e-15, 7.5997315746e-16, 3.053624167e-05, -2.25193103e-06, -1.2943219590000001e-08, 8.894087045999999e-10]

After Selection:
[0.0, -1.3121912e-12, -1.85473863e-13, 4.5281673910000004e-11, -1.908089315e-10, -2.2001801778e-15, 7.67649654e-16, 3.3589865837e-05, -2.477124133e-06, -1.43813551e-08, 9.88231894e-10]
[0.0, -1.18097208e-12, -2.2442337423e-13, 3.7422871e-11, -1.73462665e-10, -2.444644642e-15, 8.444146194e-16, 3.053624167e-05, -2.026737927e-06, -1.581949061e-08, 8.894087045999999e-10]
[0.0, -1.299069288e-12, -2.040212493e-13, 3.7048642290000006e-11, -1.73462665e-10, -2.22240422e-15, 7.67649654e-16, 2.77602197e-05, -2.477124133e-06, -1.43813551e-08, 9.783495750599999e-10]
[0.0, -1.44341032e-12, -1.85473863e-13, 3.704864229e-11, -1.561163985e-10, -2.22240422e-15, 8.444146194e-16, 2.7482617503e-05, -2.25193103e-06, -1.43813551e-08, 1.0870550834e-09]
[0.0, -1.299069288e-12, -2.040212493e-13, 3.031252551e-11, -1.4050475865e-10, -2.22240422e-15, 6.908846886e-16, 3.053624167e-05, -2.25193103e-06, -1.43813551e-08, 9.88231894e-10]

After CrossOver:
[0.0, -1.3121912e-12, -1.85473863e-13, 4.5281673910000004e-11, -1.908089315e-10, -2.2001801778e-15, 7.67649654e-16, 3.3589865837e-05, -2.477124133e-06, -1.43813551e-08, 9.88231894e-10]
[0.0, -1.18097208e-12, -2.2442337423e-13, 3.7422871e-11, -1.73462665e-10, -2.444644642e-15, 8.444146194e-16, 3.053624167e-05, -2.026737927e-06, -1.581949061e-08, 8.894087045999999e-10]
[0.0, -1.299069288e-12, -2.040212493e-13, 3.7048642290000006e-11, -1.73462665e-10, -2.22240422e-15, 8.444146194e-16, 2.7482617503e-05, -2.25193103e-06, -1.43813551e-08, 1.0870550834e-09]
[0.0, -1.44341032e-12, -1.85473863e-13, 3.704864229e-11, -1.561163985e-10, -2.22240422e-15, 6.908846886e-16, 3.053624167e-05, -2.25193103e-06, -1.43813551e-08, 9.88231894e-10]
[0.0, -1.299069288e-12, -2.040212493e-13, 3.031252551e-11, -1.4050475865e-10, -2.22240422e-15, 7.67649654e-16, 3.3589865837e-05, -2.477124133e-06, -1.43813551e-08, 9.88231894e-10]
[0.0, -1.3121912e-12, -1.85473863e-13, 4.5281673910000004e-11, -1.908089315e-10, -2.2001801778e-15, 8.444146194e-16, 3.053624167e-05, -2.026737927e-06, -1.581949061e-08, 8.894087045999999e-10]
[0.0, -1.18097208e-12, -2.2442337423e-13, 3.7422871e-11, -1.73462665e-10, -2.444644642e-15, 7.67649654e-16, 2.77602197e-05, -2.477124133e-06, -1.43813551e-08, 9.783495750599999e-10]
[0.0, -1.299069288e-12, -2.040212493e-13, 3.7048642290000006e-11, -1.73462665e-10, -2.22240422e-15, 8.444146194e-16, 2.7482617503e-05, -2.25193103e-06, -1.43813551e-08, 1.0870550834e-09]
[0.0, -1.44341032e-12, -1.85473863e-13, 3.704864229e-11, -1.561163985e-10, -2.22240422e-15, 6.908846886e-16, 3.053624167e-05, -2.25193103e-06, -1.43813551e-08, 9.88231894e-10]
[0.0, -1.299069288e-12, -2.040212493e-13, 3.031252551e-11, -1.4050475865e-10, -2.22240422e-15, 7.67649654e-16, 3.3589865837e-05, -2.477124133e-06, -1.43813551e-08, 9.88231894e-10]

After Mutation:
[0.0, -1.3121912e-12, -1.85473863e-13, 4.5281673910000004e-11, -1.908089315e-10, -2.2001801778e-15, 7.67649654e-16, 3.3589865837e-05, -2.2294117197e-06, -1.43813551e-08, 9.88231894e-10]
[0.0, -1.18097208e-12, -2.2442337423e-13, 3.7422871e-11, -1.908089315e-10, -2.444644642e-15, 8.444146194e-16, 2.7482617503e-05, -2.026737927e-06, -1.7401439671e-08, 8.894087045999999e-10]
[0.0, -1.299069288e-12, -2.040212493e-13, 3.7048642290000006e-11, -1.561163985e-10, -2.22240422e-15, 8.444146194e-16, 2.4734355752699998e-05, -2.026737927e-06, -1.43813551e-08, 1.0870550834e-09]
[0.0, -1.44341032e-12, -1.669264767e-13, 3.704864229e-11, -1.561163985e-10, -2.000163798e-15, 6.908846886e-16, 3.053624167e-05, -2.25193103e-06, -1.581949061e-08, 1.0870550834e-09]
[0.0, -1.1691623592e-12, -2.040212493e-13, 3.031252551e-11, -1.26454282785e-10, -2.22240422e-15, 7.67649654e-16, 3.3589865837e-05, -2.477124133e-06, -1.43813551e-08, 9.88231894e-10]
[0.0, -1.18097208e-12, -1.85473863e-13, 4.9809841301000006e-11, -1.908089315e-10, -2.2001801778e-15, 8.444146194e-16, 3.053624167e-05, -2.2294117197e-06, -1.7401439671e-08, 9.783495750599999e-10]
[0.0, -1.18097208e-12, -2.2442337423e-13, 3.7422871e-11, -1.908089315e-10, -2.444644642e-15, 8.444146194e-16, 2.498419773e-05, -2.7248365463000004e-06, -1.43813551e-08, 9.783495750599999e-10]
[0.0, -1.299069288e-12, -2.040212493e-13, 3.3343778061e-11, -1.73462665e-10, -2.22240422e-15, 8.444146194e-16, 2.7482617503e-05, -2.026737927e-06, -1.43813551e-08, 1.0870550834e-09]
[0.0, -1.5877513519999999e-12, -2.040212493e-13, 3.3343778061e-11, -1.561163985e-10, -2.22240422e-15, 6.908846886e-16, 2.7482617503e-05, -2.25193103e-06, -1.43813551e-08, 9.88231894e-10]
[0.0, -1.299069288e-12, -2.040212493e-13, 3.031252551e-11, -1.4050475865e-10, -2.22240422e-15, 7.67649654e-16, 3.3589865837e-05, -2.477124133e-06, -1.43813551e-08, 9.88231894e-10]
Min of Generation: 3 :  1231771996162.8835
Best vector of this gen  [ 0.00000000e+00 -1.58775135e-12 -2.04021249e-13  3.33437781e-11
 -1.56116398e-10 -2.22240422e-15  6.90884689e-16  2.74826175e-05
 -2.25193103e-06 -1.43813551e-08  9.88231894e-10]

Generation:  4
Intial popln: 
[0.0, -1.299069288e-12, -2.040212493e-13, 3.3343778061e-11, -1.73462665e-10, -2.22240422e-15, 8.444146194e-16, 2.7482617503e-05, -2.026737927e-06, -1.43813551e-08, 1.0870550834e-09]
[0.0, -1.5877513519999999e-12, -2.040212493e-13, 3.3343778061e-11, -1.561163985e-10, -2.22240422e-15, 6.908846886e-16, 2.7482617503e-05, -2.25193103e-06, -1.43813551e-08, 9.88231894e-10]
[0.0, -1.44341032e-12, -1.669264767e-13, 3.704864229e-11, -1.561163985e-10, -2.000163798e-15, 6.908846886e-16, 3.053624167e-05, -2.25193103e-06, -1.581949061e-08, 1.0870550834e-09]
[0.0, -1.299069288e-12, -2.040212493e-13, 3.031252551e-11, -1.4050475865e-10, -2.22240422e-15, 7.67649654e-16, 3.3589865837e-05, -2.477124133e-06, -1.43813551e-08, 9.88231894e-10]
[0.0, -1.18097208e-12, -2.2442337423e-13, 3.7422871e-11, -1.908089315e-10, -2.444644642e-15, 8.444146194e-16, 2.498419773e-05, -2.7248365463000004e-06, -1.43813551e-08, 9.783495750599999e-10]
[0.0, -1.1691623592e-12, -2.040212493e-13, 3.031252551e-11, -1.26454282785e-10, -2.22240422e-15, 7.67649654e-16, 3.3589865837e-05, -2.477124133e-06, -1.43813551e-08, 9.88231894e-10]
[0.0, -1.3121912e-12, -1.85473863e-13, 4.5281673910000004e-11, -1.908089315e-10, -2.2001801778e-15, 7.67649654e-16, 3.3589865837e-05, -2.2294117197e-06, -1.43813551e-08, 9.88231894e-10]
[0.0, -1.18097208e-12, -1.85473863e-13, 4.9809841301000006e-11, -1.908089315e-10, -2.2001801778e-15, 8.444146194e-16, 3.053624167e-05, -2.2294117197e-06, -1.7401439671e-08, 9.783495750599999e-10]
[0.0, -1.299069288e-12, -2.040212493e-13, 3.7048642290000006e-11, -1.561163985e-10, -2.22240422e-15, 8.444146194e-16, 2.4734355752699998e-05, -2.026737927e-06, -1.43813551e-08, 1.0870550834e-09]
[0.0, -1.18097208e-12, -2.2442337423e-13, 3.7422871e-11, -1.908089315e-10, -2.444644642e-15, 8.444146194e-16, 2.7482617503e-05, -2.026737927e-06, -1.7401439671e-08, 8.894087045999999e-10]

After Selection:
[0.0, -1.299069288e-12, -2.040212493e-13, 3.3343778061e-11, -1.73462665e-10, -2.22240422e-15, 8.444146194e-16, 2.7482617503e-05, -2.026737927e-06, -1.43813551e-08, 1.0870550834e-09]
[0.0, -1.5877513519999999e-12, -2.040212493e-13, 3.3343778061e-11, -1.561163985e-10, -2.22240422e-15, 6.908846886e-16, 2.7482617503e-05, -2.25193103e-06, -1.43813551e-08, 9.88231894e-10]
[0.0, -1.44341032e-12, -1.669264767e-13, 3.704864229e-11, -1.561163985e-10, -2.000163798e-15, 6.908846886e-16, 3.053624167e-05, -2.25193103e-06, -1.581949061e-08, 1.0870550834e-09]
[0.0, -1.299069288e-12, -2.040212493e-13, 3.031252551e-11, -1.4050475865e-10, -2.22240422e-15, 7.67649654e-16, 3.3589865837e-05, -2.477124133e-06, -1.43813551e-08, 9.88231894e-10]
[0.0, -1.18097208e-12, -2.2442337423e-13, 3.7422871e-11, -1.908089315e-10, -2.444644642e-15, 8.444146194e-16, 2.498419773e-05, -2.7248365463000004e-06, -1.43813551e-08, 9.783495750599999e-10]

After CrossOver:
[0.0, -1.299069288e-12, -2.040212493e-13, 3.3343778061e-11, -1.73462665e-10, -2.22240422e-15, 8.444146194e-16, 2.7482617503e-05, -2.026737927e-06, -1.43813551e-08, 1.0870550834e-09]
[0.0, -1.5877513519999999e-12, -2.040212493e-13, 3.3343778061e-11, -1.561163985e-10, -2.22240422e-15, 6.908846886e-16, 2.7482617503e-05, -2.25193103e-06, -1.43813551e-08, 9.88231894e-10]
[0.0, -1.44341032e-12, -1.669264767e-13, 3.704864229e-11, -1.561163985e-10, -2.000163798e-15, 7.67649654e-16, 3.3589865837e-05, -2.477124133e-06, -1.43813551e-08, 9.88231894e-10]
[0.0, -1.299069288e-12, -2.040212493e-13, 3.031252551e-11, -1.4050475865e-10, -2.22240422e-15, 8.444146194e-16, 2.498419773e-05, -2.7248365463000004e-06, -1.43813551e-08, 9.783495750599999e-10]
[0.0, -1.18097208e-12, -2.2442337423e-13, 3.7422871e-11, -1.908089315e-10, -2.444644642e-15, 8.444146194e-16, 2.7482617503e-05, -2.026737927e-06, -1.43813551e-08, 1.0870550834e-09]
[0.0, -1.299069288e-12, -2.040212493e-13, 3.3343778061e-11, -1.73462665e-10, -2.22240422e-15, 6.908846886e-16, 2.7482617503e-05, -2.25193103e-06, -1.43813551e-08, 9.88231894e-10]
[0.0, -1.5877513519999999e-12, -2.040212493e-13, 3.3343778061e-11, -1.561163985e-10, -2.22240422e-15, 6.908846886e-16, 3.053624167e-05, -2.25193103e-06, -1.581949061e-08, 1.0870550834e-09]
[0.0, -1.44341032e-12, -1.669264767e-13, 3.704864229e-11, -1.561163985e-10, -2.000163798e-15, 7.67649654e-16, 3.3589865837e-05, -2.477124133e-06, -1.43813551e-08, 9.88231894e-10]
[0.0, -1.299069288e-12, -2.040212493e-13, 3.031252551e-11, -1.4050475865e-10, -2.22240422e-15, 8.444146194e-16, 2.498419773e-05, -2.7248365463000004e-06, -1.43813551e-08, 9.783495750599999e-10]
[0.0, -1.18097208e-12, -2.2442337423e-13, 3.7422871e-11, -1.908089315e-10, -2.444644642e-15, 8.444146194e-16, 2.7482617503e-05, -2.026737927e-06, -1.43813551e-08, 1.0870550834e-09]

After Mutation:
[0.0, -1.299069288e-12, -1.8361912437e-13, 3.3343778061e-11, -1.73462665e-10, -2.22240422e-15, 7.5997315746e-16, 2.4734355752699998e-05, -2.026737927e-06, -1.43813551e-08, 1.0870550834e-09]
[0.0, -1.7465264871999998e-12, -1.8361912437e-13, 3.3343778061e-11, -1.561163985e-10, -2.22240422e-15, 6.908846886e-16, 2.7482617503e-05, -2.25193103e-06, -1.43813551e-08, 9.88231894e-10]
[0.0, -1.44341032e-12, -1.669264767e-13, 3.704864229e-11, -1.4050475865e-10, -2.000163798e-15, 7.67649654e-16, 3.3589865837e-05, -2.477124133e-06, -1.581949061e-08, 1.0870550834e-09]
[0.0, -1.299069288e-12, -2.2442337423e-13, 3.031252551e-11, -1.54555234515e-10, -2.22240422e-15, 8.444146194e-16, 2.2485777957e-05, -2.7248365463000004e-06, -1.43813551e-08, 8.805146175539998e-10]
[0.0, -1.299069288e-12, -2.2442337423e-13, 3.7422871e-11, -1.908089315e-10, -2.6891091062e-15, 8.444146194e-16, 2.4734355752699998e-05, -2.026737927e-06, -1.43813551e-08, 1.0870550834e-09]
[0.0, -1.299069288e-12, -2.2442337423e-13, 3.6678155867100004e-11, -1.561163985e-10, -2.444644642e-15, 6.908846886e-16, 2.4734355752699998e-05, -2.026737927e-06, -1.2943219590000001e-08, 9.88231894e-10]
[0.0, -1.7465264871999998e-12, -2.040212493e-13, 3.3343778061e-11, -1.7172803835e-10, -2.000163798e-15, 7.5997315746e-16, 2.7482617503e-05, -2.25193103e-06, -1.581949061e-08, 1.0870550834e-09]
[0.0, -1.44341032e-12, -1.669264767e-13, 3.704864229e-11, -1.561163985e-10, -2.000163798e-15, 7.67649654e-16, 3.3589865837e-05, -2.477124133e-06, -1.43813551e-08, 9.88231894e-10]
[0.0, -1.299069288e-12, -2.040212493e-13, 3.031252551e-11, -1.4050475865e-10, -2.22240422e-15, 8.444146194e-16, 2.498419773e-05, -2.7248365463000004e-06, -1.43813551e-08, 9.783495750599999e-10]
[0.0, -1.18097208e-12, -2.0198103680700001e-13, 3.7422871e-11, -1.908089315e-10, -2.444644642e-15, 9.2885608134e-16, 2.7482617503e-05, -2.026737927e-06, -1.43813551e-08, 1.0870550834e-09]
Min of Generation: 4 :  946001535887.7227
Best vector of this gen  [ 0.00000000e+00 -1.44341032e-12 -1.66926477e-13  3.70486423e-11
 -1.40504759e-10 -2.00016380e-15  7.67649654e-16  3.35898658e-05
 -2.47712413e-06 -1.58194906e-08  1.08705508e-09]

Generation:  5
Intial popln: 
[0.0, -1.7465264871999998e-12, -2.040212493e-13, 3.3343778061e-11, -1.7172803835e-10, -2.000163798e-15, 7.5997315746e-16, 2.7482617503e-05, -2.25193103e-06, -1.581949061e-08, 1.0870550834e-09]
[0.0, -1.7465264871999998e-12, -1.8361912437e-13, 3.3343778061e-11, -1.561163985e-10, -2.22240422e-15, 6.908846886e-16, 2.7482617503e-05, -2.25193103e-06, -1.43813551e-08, 9.88231894e-10]
[0.0, -1.299069288e-12, -1.8361912437e-13, 3.3343778061e-11, -1.73462665e-10, -2.22240422e-15, 7.5997315746e-16, 2.4734355752699998e-05, -2.026737927e-06, -1.43813551e-08, 1.0870550834e-09]
[0.0, -1.18097208e-12, -2.0198103680700001e-13, 3.7422871e-11, -1.908089315e-10, -2.444644642e-15, 9.2885608134e-16, 2.7482617503e-05, -2.026737927e-06, -1.43813551e-08, 1.0870550834e-09]
[0.0, -1.299069288e-12, -2.2442337423e-13, 3.7422871e-11, -1.908089315e-10, -2.6891091062e-15, 8.444146194e-16, 2.4734355752699998e-05, -2.026737927e-06, -1.43813551e-08, 1.0870550834e-09]
[0.0, -1.299069288e-12, -2.2442337423e-13, 3.6678155867100004e-11, -1.561163985e-10, -2.444644642e-15, 6.908846886e-16, 2.4734355752699998e-05, -2.026737927e-06, -1.2943219590000001e-08, 9.88231894e-10]
[0.0, -1.44341032e-12, -1.669264767e-13, 3.704864229e-11, -1.4050475865e-10, -2.000163798e-15, 7.67649654e-16, 3.3589865837e-05, -2.477124133e-06, -1.581949061e-08, 1.0870550834e-09]
[0.0, -1.299069288e-12, -2.2442337423e-13, 3.031252551e-11, -1.54555234515e-10, -2.22240422e-15, 8.444146194e-16, 2.2485777957e-05, -2.7248365463000004e-06, -1.43813551e-08, 8.805146175539998e-10]
[0.0, -1.299069288e-12, -2.040212493e-13, 3.031252551e-11, -1.4050475865e-10, -2.22240422e-15, 8.444146194e-16, 2.498419773e-05, -2.7248365463000004e-06, -1.43813551e-08, 9.783495750599999e-10]
[0.0, -1.44341032e-12, -1.669264767e-13, 3.704864229e-11, -1.561163985e-10, -2.000163798e-15, 7.67649654e-16, 3.3589865837e-05, -2.477124133e-06, -1.43813551e-08, 9.88231894e-10]

After Selection:
[0.0, -1.7465264871999998e-12, -2.040212493e-13, 3.3343778061e-11, -1.7172803835e-10, -2.000163798e-15, 7.5997315746e-16, 2.7482617503e-05, -2.25193103e-06, -1.581949061e-08, 1.0870550834e-09]
[0.0, -1.7465264871999998e-12, -1.8361912437e-13, 3.3343778061e-11, -1.561163985e-10, -2.22240422e-15, 6.908846886e-16, 2.7482617503e-05, -2.25193103e-06, -1.43813551e-08, 9.88231894e-10]
[0.0, -1.299069288e-12, -1.8361912437e-13, 3.3343778061e-11, -1.73462665e-10, -2.22240422e-15, 7.5997315746e-16, 2.4734355752699998e-05, -2.026737927e-06, -1.43813551e-08, 1.0870550834e-09]
[0.0, -1.18097208e-12, -2.0198103680700001e-13, 3.7422871e-11, -1.908089315e-10, -2.444644642e-15, 9.2885608134e-16, 2.7482617503e-05, -2.026737927e-06, -1.43813551e-08, 1.0870550834e-09]
[0.0, -1.299069288e-12, -2.2442337423e-13, 3.7422871e-11, -1.908089315e-10, -2.6891091062e-15, 8.444146194e-16, 2.4734355752699998e-05, -2.026737927e-06, -1.43813551e-08, 1.0870550834e-09]

After CrossOver:
[0.0, -1.7465264871999998e-12, -2.040212493e-13, 3.3343778061e-11, -1.7172803835e-10, -2.000163798e-15, 7.5997315746e-16, 2.7482617503e-05, -2.25193103e-06, -1.581949061e-08, 1.0870550834e-09]
[0.0, -1.7465264871999998e-12, -1.8361912437e-13, 3.3343778061e-11, -1.561163985e-10, -2.22240422e-15, 6.908846886e-16, 2.7482617503e-05, -2.25193103e-06, -1.43813551e-08, 9.88231894e-10]
[0.0, -1.299069288e-12, -1.8361912437e-13, 3.3343778061e-11, -1.73462665e-10, -2.22240422e-15, 9.2885608134e-16, 2.7482617503e-05, -2.026737927e-06, -1.43813551e-08, 1.0870550834e-09]
[0.0, -1.18097208e-12, -2.0198103680700001e-13, 3.7422871e-11, -1.908089315e-10, -2.444644642e-15, 8.444146194e-16, 2.4734355752699998e-05, -2.026737927e-06, -1.43813551e-08, 1.0870550834e-09]
[0.0, -1.299069288e-12, -2.2442337423e-13, 3.7422871e-11, -1.908089315e-10, -2.6891091062e-15, 7.5997315746e-16, 2.7482617503e-05, -2.25193103e-06, -1.581949061e-08, 1.0870550834e-09]
[0.0, -1.7465264871999998e-12, -2.040212493e-13, 3.3343778061e-11, -1.7172803835e-10, -2.000163798e-15, 6.908846886e-16, 2.7482617503e-05, -2.25193103e-06, -1.43813551e-08, 9.88231894e-10]
[0.0, -1.7465264871999998e-12, -1.8361912437e-13, 3.3343778061e-11, -1.561163985e-10, -2.22240422e-15, 7.5997315746e-16, 2.4734355752699998e-05, -2.026737927e-06, -1.43813551e-08, 1.0870550834e-09]
[0.0, -1.299069288e-12, -1.8361912437e-13, 3.3343778061e-11, -1.73462665e-10, -2.22240422e-15, 9.2885608134e-16, 2.7482617503e-05, -2.026737927e-06, -1.43813551e-08, 1.0870550834e-09]
[0.0, -1.18097208e-12, -2.0198103680700001e-13, 3.7422871e-11, -1.908089315e-10, -2.444644642e-15, 8.444146194e-16, 2.4734355752699998e-05, -2.026737927e-06, -1.43813551e-08, 1.0870550834e-09]
[0.0, -1.299069288e-12, -2.2442337423e-13, 3.7422871e-11, -1.908089315e-10, -2.6891091062e-15, 7.5997315746e-16, 2.7482617503e-05, -2.25193103e-06, -1.581949061e-08, 1.0870550834e-09]

After Mutation:
[0.0, -1.7465264871999998e-12, -2.040212493e-13, 3.3343778061e-11, -1.88900842185e-10, -2.000163798e-15, 8.359704732060001e-16, 3.02308792533e-05, -2.477124133e-06, -1.581949061e-08, 9.783495750599999e-10]
[0.0, -1.7465264871999998e-12, -1.8361912437e-13, 3.3343778061e-11, -1.561163985e-10, -2.22240422e-15, 6.2179621974e-16, 3.02308792533e-05, -2.026737927e-06, -1.43813551e-08, 9.88231894e-10]
[0.0, -1.299069288e-12, -1.8361912437e-13, 3.00094002549e-11, -1.908089315e-10, -2.22240422e-15, 9.2885608134e-16, 2.7482617503e-05, -2.2294117197e-06, -1.581949061e-08, 1.0870550834e-09]
[0.0, -1.299069288e-12, -1.8178293312630002e-13, 3.7422871e-11, -1.908089315e-10, -2.444644642e-15, 7.5997315746e-16, 2.2260920177429998e-05, -2.026737927e-06, -1.581949061e-08, 1.0870550834e-09]
[0.0, -1.299069288e-12, -2.2442337423e-13, 3.7422871e-11, -2.0988982464999999e-10, -2.6891091062e-15, 7.5997315746e-16, 2.7482617503e-05, -2.026737927e-06, -1.581949061e-08, 1.19576059174e-09]
[0.0, -1.5718738384799998e-12, -2.040212493e-13, 3.3343778061e-11, -1.88900842185e-10, -2.000163798e-15, 6.908846886e-16, 2.7482617503e-05, -2.477124133e-06, -1.43813551e-08, 9.88231894e-10]
[0.0, -1.7465264871999998e-12, -1.65257211933e-13, 3.3343778061e-11, -1.4050475865e-10, -2.22240422e-15, 6.83975841714e-16, 2.2260920177429998e-05, -1.8240641343e-06, -1.43813551e-08, 1.0870550834e-09]
[0.0, -1.4289762168e-12, -1.8361912437e-13, 3.3343778061e-11, -1.73462665e-10, -2.000163798e-15, 8.359704732059999e-16, 2.4734355752699998e-05, -2.026737927e-06, -1.43813551e-08, 1.0870550834e-09]
[0.0, -1.18097208e-12, -2.0198103680700001e-13, 3.7422871e-11, -1.908089315e-10, -2.2001801778e-15, 7.5997315746e-16, 2.4734355752699998e-05, -2.026737927e-06, -1.43813551e-08, 1.0870550834e-09]
[0.0, -1.1691623592e-12, -2.2442337423e-13, 4.1165158100000005e-11, -1.908089315e-10, -2.95802001682e-15, 7.5997315746e-16, 2.7482617503e-05, -2.25193103e-06, -1.581949061e-08, 1.19576059174e-09]
Min of Generation: 5 :  4425599540159.28
Best vector of this gen  [ 0.00000000e+00 -1.29906929e-12 -1.83619124e-13  3.00094003e-11
 -1.90808931e-10 -2.22240422e-15  9.28856081e-16  2.74826175e-05
 -2.22941172e-06 -1.58194906e-08  1.08705508e-09]

Generation:  6
Intial popln: 
[0.0, -1.7465264871999998e-12, -1.8361912437e-13, 3.3343778061e-11, -1.561163985e-10, -2.22240422e-15, 6.2179621974e-16, 3.02308792533e-05, -2.026737927e-06, -1.43813551e-08, 9.88231894e-10]
[0.0, -1.5718738384799998e-12, -2.040212493e-13, 3.3343778061e-11, -1.88900842185e-10, -2.000163798e-15, 6.908846886e-16, 2.7482617503e-05, -2.477124133e-06, -1.43813551e-08, 9.88231894e-10]
[0.0, -1.299069288e-12, -1.8178293312630002e-13, 3.7422871e-11, -1.908089315e-10, -2.444644642e-15, 7.5997315746e-16, 2.2260920177429998e-05, -2.026737927e-06, -1.581949061e-08, 1.0870550834e-09]
[0.0, -1.1691623592e-12, -2.2442337423e-13, 4.1165158100000005e-11, -1.908089315e-10, -2.95802001682e-15, 7.5997315746e-16, 2.7482617503e-05, -2.25193103e-06, -1.581949061e-08, 1.19576059174e-09]
[0.0, -1.299069288e-12, -1.8361912437e-13, 3.00094002549e-11, -1.908089315e-10, -2.22240422e-15, 9.2885608134e-16, 2.7482617503e-05, -2.2294117197e-06, -1.581949061e-08, 1.0870550834e-09]
[0.0, -1.299069288e-12, -2.2442337423e-13, 3.7422871e-11, -2.0988982464999999e-10, -2.6891091062e-15, 7.5997315746e-16, 2.7482617503e-05, -2.026737927e-06, -1.581949061e-08, 1.19576059174e-09]
[0.0, -1.7465264871999998e-12, -1.65257211933e-13, 3.3343778061e-11, -1.4050475865e-10, -2.22240422e-15, 6.83975841714e-16, 2.2260920177429998e-05, -1.8240641343e-06, -1.43813551e-08, 1.0870550834e-09]
[0.0, -1.4289762168e-12, -1.8361912437e-13, 3.3343778061e-11, -1.73462665e-10, -2.000163798e-15, 8.359704732059999e-16, 2.4734355752699998e-05, -2.026737927e-06, -1.43813551e-08, 1.0870550834e-09]
[0.0, -1.18097208e-12, -2.0198103680700001e-13, 3.7422871e-11, -1.908089315e-10, -2.2001801778e-15, 7.5997315746e-16, 2.4734355752699998e-05, -2.026737927e-06, -1.43813551e-08, 1.0870550834e-09]
[0.0, -1.7465264871999998e-12, -2.040212493e-13, 3.3343778061e-11, -1.88900842185e-10, -2.000163798e-15, 8.359704732060001e-16, 3.02308792533e-05, -2.477124133e-06, -1.581949061e-08, 9.783495750599999e-10]

After Selection:
[0.0, -1.7465264871999998e-12, -1.8361912437e-13, 3.3343778061e-11, -1.561163985e-10, -2.22240422e-15, 6.2179621974e-16, 3.02308792533e-05, -2.026737927e-06, -1.43813551e-08, 9.88231894e-10]
[0.0, -1.5718738384799998e-12, -2.040212493e-13, 3.3343778061e-11, -1.88900842185e-10, -2.000163798e-15, 6.908846886e-16, 2.7482617503e-05, -2.477124133e-06, -1.43813551e-08, 9.88231894e-10]
[0.0, -1.299069288e-12, -1.8178293312630002e-13, 3.7422871e-11, -1.908089315e-10, -2.444644642e-15, 7.5997315746e-16, 2.2260920177429998e-05, -2.026737927e-06, -1.581949061e-08, 1.0870550834e-09]
[0.0, -1.1691623592e-12, -2.2442337423e-13, 4.1165158100000005e-11, -1.908089315e-10, -2.95802001682e-15, 7.5997315746e-16, 2.7482617503e-05, -2.25193103e-06, -1.581949061e-08, 1.19576059174e-09]
[0.0, -1.299069288e-12, -1.8361912437e-13, 3.00094002549e-11, -1.908089315e-10, -2.22240422e-15, 9.2885608134e-16, 2.7482617503e-05, -2.2294117197e-06, -1.581949061e-08, 1.0870550834e-09]

After CrossOver:
[0.0, -1.7465264871999998e-12, -1.8361912437e-13, 3.3343778061e-11, -1.561163985e-10, -2.22240422e-15, 6.2179621974e-16, 3.02308792533e-05, -2.026737927e-06, -1.43813551e-08, 9.88231894e-10]
[0.0, -1.5718738384799998e-12, -2.040212493e-13, 3.3343778061e-11, -1.88900842185e-10, -2.000163798e-15, 6.908846886e-16, 2.7482617503e-05, -2.477124133e-06, -1.43813551e-08, 9.88231894e-10]
[0.0, -1.299069288e-12, -1.8178293312630002e-13, 3.7422871e-11, -1.908089315e-10, -2.444644642e-15, 7.5997315746e-16, 2.7482617503e-05, -2.25193103e-06, -1.581949061e-08, 1.19576059174e-09]
[0.0, -1.1691623592e-12, -2.2442337423e-13, 4.1165158100000005e-11, -1.908089315e-10, -2.95802001682e-15, 9.2885608134e-16, 2.7482617503e-05, -2.2294117197e-06, -1.581949061e-08, 1.0870550834e-09]
[0.0, -1.299069288e-12, -1.8361912437e-13, 3.00094002549e-11, -1.908089315e-10, -2.22240422e-15, 6.2179621974e-16, 3.02308792533e-05, -2.026737927e-06, -1.43813551e-08, 9.88231894e-10]
[0.0, -1.7465264871999998e-12, -1.8361912437e-13, 3.3343778061e-11, -1.561163985e-10, -2.22240422e-15, 6.908846886e-16, 2.7482617503e-05, -2.477124133e-06, -1.43813551e-08, 9.88231894e-10]
[0.0, -1.5718738384799998e-12, -2.040212493e-13, 3.3343778061e-11, -1.88900842185e-10, -2.000163798e-15, 7.5997315746e-16, 2.2260920177429998e-05, -2.026737927e-06, -1.581949061e-08, 1.0870550834e-09]
[0.0, -1.299069288e-12, -1.8178293312630002e-13, 3.7422871e-11, -1.908089315e-10, -2.444644642e-15, 7.5997315746e-16, 2.7482617503e-05, -2.25193103e-06, -1.581949061e-08, 1.19576059174e-09]
[0.0, -1.1691623592e-12, -2.2442337423e-13, 4.1165158100000005e-11, -1.908089315e-10, -2.95802001682e-15, 9.2885608134e-16, 2.7482617503e-05, -2.2294117197e-06, -1.581949061e-08, 1.0870550834e-09]
[0.0, -1.299069288e-12, -1.8361912437e-13, 3.00094002549e-11, -1.908089315e-10, -2.22240422e-15, 6.2179621974e-16, 3.02308792533e-05, -2.026737927e-06, -1.43813551e-08, 9.88231894e-10]

After Mutation:
[0.0, -1.7465264871999998e-12, -1.8361912437e-13, 3.3343778061e-11, -1.561163985e-10, -2.22240422e-15, 6.2179621974e-16, 3.02308792533e-05, -2.026737927e-06, -1.43813551e-08, 9.88231894e-10]
[0.0, -1.7290612223279998e-12, -2.2442337423e-13, 3.3343778061e-11, -2.077909264035e-10, -2.000163798e-15, 6.2179621974e-16, 3.02308792533e-05, -2.477124133e-06, -1.43813551e-08, 9.88231894e-10]
[0.0, -1.299069288e-12, -1.8178293312630002e-13, 3.7422871e-11, -1.908089315e-10, -2.444644642e-15, 7.5997315746e-16, 2.4734355752699998e-05, -2.25193103e-06, -1.581949061e-08, 1.19576059174e-09]
[0.0, -1.1691623592e-12, -2.2442337423e-13, 4.1165158100000005e-11, -1.908089315e-10, -2.95802001682e-15, 8.359704732059999e-16, 3.02308792533e-05, -2.2294117197e-06, -1.4237541549e-08, 1.0870550834e-09]
