Generation:  1
Intial popln: 
[0.0, -1.386534193e-12, -1.65257212e-13, 2.187685278e-11, -1.2518974e-10, -1.80014742e-15, 9.01268127e-16, 2.42421421e-05, -2.207117605e-06, -1.2558793e-08, 9.685660798e-10]
[0.0, -1.26048563e-12, -1.4873149079999998e-13, 2.43076142e-11, -1.2518974e-10, -1.980162162e-15, 9.01268127e-16, 2.42421421e-05, -2.00647055e-06, -1.2558793e-08, 8.80514618e-10]
[0.0, -1.26048563e-12, -1.65257212e-13, 2.43076142e-11, -1.2518974e-10, -1.80014742e-15, 1.101549933e-15, 2.181792789e-05, -2.00647055e-06, -1.2558793e-08, 8.80514618e-10]
[0.0, -1.134437067e-12, -1.65257212e-13, 2.43076142e-11, -1.2518974e-10, -1.980162162e-15, 1.00140903e-15, 2.181792789e-05, -2.00647055e-06, -1.2558793e-08, 8.80514618e-10]
[0.0, -1.26048563e-12, -1.65257212e-13, 2.43076142e-11, -1.2518974e-10, -1.6201326779999998e-15, 1.00140903e-15, 2.42421421e-05, -2.207117605e-06, -1.13029137e-08, 8.80514618e-10]
[0.0, -1.26048563e-12, -1.65257212e-13, 2.43076142e-11, -1.2518974e-10, -1.80014742e-15, 1.00140903e-15, 2.42421421e-05, -2.00647055e-06, -1.2558793e-08, 9.685660798e-10]
[0.0, -1.134437067e-12, -1.817829332e-13, 2.43076142e-11, -1.2518974e-10, -1.80014742e-15, 1.00140903e-15, 2.42421421e-05, -2.00647055e-06, -1.2558793e-08, 7.924631562e-10]
[0.0, -1.26048563e-12, -1.65257212e-13, 2.43076142e-11, -1.2518974e-10, -1.80014742e-15, 1.00140903e-15, 2.42421421e-05, -2.207117605e-06, -1.2558793e-08, 7.924631562e-10]
[-8.072235137750734, -0.3486426066972914, -7.677821359290363, 2.666851469696411, 6.054195394905041, -5.183953246852473, -1.1381757081622652, 3.319661439449977, -8.827069064598641, -1.5382995933313488, -5.513669208209826]
[8.195745514533094, -2.0020001418235385, -3.2386374414618486, 4.126990696066951, 0.970012253074817, -5.4809152241486565, -8.427050272679379, -1.2582471983367896, 4.724115153083151, 3.829806035747015, 1.924087142422278]

After Selection:
[0.0, -1.386534193e-12, -1.65257212e-13, 2.187685278e-11, -1.2518974e-10, -1.80014742e-15, 9.01268127e-16, 2.42421421e-05, -2.207117605e-06, -1.2558793e-08, 9.685660798e-10]
[0.0, -1.26048563e-12, -1.4873149079999998e-13, 2.43076142e-11, -1.2518974e-10, -1.980162162e-15, 9.01268127e-16, 2.42421421e-05, -2.00647055e-06, -1.2558793e-08, 8.80514618e-10]
[0.0, -1.26048563e-12, -1.65257212e-13, 2.43076142e-11, -1.2518974e-10, -1.80014742e-15, 1.101549933e-15, 2.181792789e-05, -2.00647055e-06, -1.2558793e-08, 8.80514618e-10]
[0.0, -1.134437067e-12, -1.65257212e-13, 2.43076142e-11, -1.2518974e-10, -1.980162162e-15, 1.00140903e-15, 2.181792789e-05, -2.00647055e-06, -1.2558793e-08, 8.80514618e-10]
[0.0, -1.26048563e-12, -1.65257212e-13, 2.43076142e-11, -1.2518974e-10, -1.6201326779999998e-15, 1.00140903e-15, 2.42421421e-05, -2.207117605e-06, -1.13029137e-08, 8.80514618e-10]

After CrossOver:
[0.0, -1.386534193e-12, -1.65257212e-13, 2.187685278e-11, -1.2518974e-10, -1.80014742e-15, 9.01268127e-16, 2.42421421e-05, -2.207117605e-06, -1.2558793e-08, 9.685660798e-10]
[0.0, -1.26048563e-12, -1.4873149079999998e-13, 2.43076142e-11, -1.2518974e-10, -1.980162162e-15, 9.01268127e-16, 2.42421421e-05, -2.00647055e-06, -1.2558793e-08, 8.80514618e-10]
[0.0, -1.26048563e-12, -1.65257212e-13, 2.43076142e-11, -1.2518974e-10, -1.80014742e-15, 1.00140903e-15, 2.181792789e-05, -2.00647055e-06, -1.2558793e-08, 8.80514618e-10]
[0.0, -1.134437067e-12, -1.65257212e-13, 2.43076142e-11, -1.2518974e-10, -1.980162162e-15, 1.00140903e-15, 2.42421421e-05, -2.207117605e-06, -1.13029137e-08, 8.80514618e-10]
[0.0, -1.26048563e-12, -1.65257212e-13, 2.43076142e-11, -1.2518974e-10, -1.6201326779999998e-15, 9.01268127e-16, 2.42421421e-05, -2.207117605e-06, -1.2558793e-08, 9.685660798e-10]
[0.0, -1.386534193e-12, -1.65257212e-13, 2.187685278e-11, -1.2518974e-10, -1.80014742e-15, 9.01268127e-16, 2.42421421e-05, -2.00647055e-06, -1.2558793e-08, 8.80514618e-10]
[0.0, -1.26048563e-12, -1.4873149079999998e-13, 2.43076142e-11, -1.2518974e-10, -1.980162162e-15, 1.101549933e-15, 2.181792789e-05, -2.00647055e-06, -1.2558793e-08, 8.80514618e-10]
[0.0, -1.26048563e-12, -1.65257212e-13, 2.43076142e-11, -1.2518974e-10, -1.80014742e-15, 1.00140903e-15, 2.181792789e-05, -2.00647055e-06, -1.2558793e-08, 8.80514618e-10]
[0.0, -1.134437067e-12, -1.65257212e-13, 2.43076142e-11, -1.2518974e-10, -1.980162162e-15, 1.00140903e-15, 2.42421421e-05, -2.207117605e-06, -1.13029137e-08, 8.80514618e-10]
[0.0, -1.26048563e-12, -1.65257212e-13, 2.43076142e-11, -1.2518974e-10, -1.6201326779999998e-15, 9.01268127e-16, 2.42421421e-05, -2.207117605e-06, -1.2558793e-08, 9.685660798e-10]

After Mutation:
[0.0, -1.5251876123e-12, -1.817829332e-13, 2.187685278e-11, -1.3770871399999998e-10, -1.80014742e-15, 9.01268127e-16, 2.42421421e-05, -1.9864058445e-06, -1.2558793e-08, 9.685660798e-10]
[0.0, -1.26048563e-12, -1.4873149079999998e-13, 2.43076142e-11, -1.2518974e-10, -1.7821459458e-15, 9.01268127e-16, 2.42421421e-05, -2.00647055e-06, -1.2558793e-08, 8.80514618e-10]
[0.0, -1.26048563e-12, -1.65257212e-13, 2.43076142e-11, -1.2518974e-10, -1.80014742e-15, 1.00140903e-15, 2.181792789e-05, -2.00647055e-06, -1.2558793e-08, 8.80514618e-10]
[0.0, -1.2478807737e-12, -1.65257212e-13, 2.43076142e-11, -1.2518974e-10, -1.980162162e-15, 1.00140903e-15, 2.181792789e-05, -2.207117605e-06, -1.017262233e-08, 8.80514618e-10]
[0.0, -1.26048563e-12, -1.65257212e-13, 2.43076142e-11, -1.2518974e-10, -1.6201326779999998e-15, 9.01268127e-16, 2.42421421e-05, -2.207117605e-06, -1.3814672300000001e-08, 9.685660798e-10]
[0.0, -1.5251876123e-12, -1.4873149079999998e-13, 2.187685278e-11, -1.2518974e-10, -1.980162162e-15, 9.01268127e-16, 2.42421421e-05, -1.805823495e-06, -1.3814672300000001e-08, 9.685660798e-10]
[0.0, -1.134437067e-12, -1.4873149079999998e-13, 2.673837562e-11, -1.2518974e-10, -1.980162162e-15, 9.913949397000002e-16, 1.9636135100999998e-05, -2.207117605e-06, -1.2558793e-08, 7.924631562e-10]
[0.0, -1.26048563e-12, -1.65257212e-13, 2.43076142e-11, -1.2518974e-10, -1.80014742e-15, 9.01268127e-16, 2.181792789e-05, -2.00647055e-06, -1.2558793e-08, 9.685660798e-10]
[0.0, -1.134437067e-12, -1.65257212e-13, 2.43076142e-11, -1.2518974e-10, -1.7821459458e-15, 1.00140903e-15, 2.42421421e-05, -1.9864058445e-06, -1.13029137e-08, 8.80514618e-10]
[0.0, -1.26048563e-12, -1.65257212e-13, 2.673837562e-11, -1.1267076599999999e-10, -1.6201326779999998e-15, 9.01268127e-16, 2.42421421e-05, -2.207117605e-06, -1.2558793e-08, 9.685660798e-10]
Min of Generation: 1 :  403370691763.8153
Best vector of this gen  [ 0.00000000e+00 -1.26048563e-12 -1.48731491e-13  2.43076142e-11
 -1.25189740e-10 -1.78214595e-15  9.01268127e-16  2.42421421e-05
 -2.00647055e-06 -1.25587930e-08  8.80514618e-10]

Generation:  2
Intial popln: 
[0.0, -1.26048563e-12, -1.65257212e-13, 2.673837562e-11, -1.1267076599999999e-10, -1.6201326779999998e-15, 9.01268127e-16, 2.42421421e-05, -2.207117605e-06, -1.2558793e-08, 9.685660798e-10]
[0.0, -1.134437067e-12, -1.4873149079999998e-13, 2.673837562e-11, -1.2518974e-10, -1.980162162e-15, 9.913949397000002e-16, 1.9636135100999998e-05, -2.207117605e-06, -1.2558793e-08, 7.924631562e-10]
[0.0, -1.5251876123e-12, -1.4873149079999998e-13, 2.187685278e-11, -1.2518974e-10, -1.980162162e-15, 9.01268127e-16, 2.42421421e-05, -1.805823495e-06, -1.3814672300000001e-08, 9.685660798e-10]
[0.0, -1.134437067e-12, -1.65257212e-13, 2.43076142e-11, -1.2518974e-10, -1.7821459458e-15, 1.00140903e-15, 2.42421421e-05, -1.9864058445e-06, -1.13029137e-08, 8.80514618e-10]
[0.0, -1.26048563e-12, -1.65257212e-13, 2.43076142e-11, -1.2518974e-10, -1.6201326779999998e-15, 9.01268127e-16, 2.42421421e-05, -2.207117605e-06, -1.3814672300000001e-08, 9.685660798e-10]
[0.0, -1.5251876123e-12, -1.817829332e-13, 2.187685278e-11, -1.3770871399999998e-10, -1.80014742e-15, 9.01268127e-16, 2.42421421e-05, -1.9864058445e-06, -1.2558793e-08, 9.685660798e-10]
[0.0, -1.26048563e-12, -1.65257212e-13, 2.43076142e-11, -1.2518974e-10, -1.80014742e-15, 1.00140903e-15, 2.181792789e-05, -2.00647055e-06, -1.2558793e-08, 8.80514618e-10]
[0.0, -1.26048563e-12, -1.4873149079999998e-13, 2.43076142e-11, -1.2518974e-10, -1.7821459458e-15, 9.01268127e-16, 2.42421421e-05, -2.00647055e-06, -1.2558793e-08, 8.80514618e-10]
[0.0, -1.26048563e-12, -1.65257212e-13, 2.43076142e-11, -1.2518974e-10, -1.80014742e-15, 9.01268127e-16, 2.181792789e-05, -2.00647055e-06, -1.2558793e-08, 9.685660798e-10]
[0.0, -1.2478807737e-12, -1.65257212e-13, 2.43076142e-11, -1.2518974e-10, -1.980162162e-15, 1.00140903e-15, 2.181792789e-05, -2.207117605e-06, -1.017262233e-08, 8.80514618e-10]

After Selection:
[0.0, -1.26048563e-12, -1.65257212e-13, 2.673837562e-11, -1.1267076599999999e-10, -1.6201326779999998e-15, 9.01268127e-16, 2.42421421e-05, -2.207117605e-06, -1.2558793e-08, 9.685660798e-10]
[0.0, -1.134437067e-12, -1.4873149079999998e-13, 2.673837562e-11, -1.2518974e-10, -1.980162162e-15, 9.913949397000002e-16, 1.9636135100999998e-05, -2.207117605e-06, -1.2558793e-08, 7.924631562e-10]
[0.0, -1.5251876123e-12, -1.4873149079999998e-13, 2.187685278e-11, -1.2518974e-10, -1.980162162e-15, 9.01268127e-16, 2.42421421e-05, -1.805823495e-06, -1.3814672300000001e-08, 9.685660798e-10]
[0.0, -1.134437067e-12, -1.65257212e-13, 2.43076142e-11, -1.2518974e-10, -1.7821459458e-15, 1.00140903e-15, 2.42421421e-05, -1.9864058445e-06, -1.13029137e-08, 8.80514618e-10]
[0.0, -1.26048563e-12, -1.65257212e-13, 2.43076142e-11, -1.2518974e-10, -1.6201326779999998e-15, 9.01268127e-16, 2.42421421e-05, -2.207117605e-06, -1.3814672300000001e-08, 9.685660798e-10]

After CrossOver:
[0.0, -1.26048563e-12, -1.65257212e-13, 2.673837562e-11, -1.1267076599999999e-10, -1.6201326779999998e-15, 9.01268127e-16, 2.42421421e-05, -2.207117605e-06, -1.2558793e-08, 9.685660798e-10]
[0.0, -1.134437067e-12, -1.4873149079999998e-13, 2.673837562e-11, -1.2518974e-10, -1.980162162e-15, 9.913949397000002e-16, 1.9636135100999998e-05, -2.207117605e-06, -1.2558793e-08, 7.924631562e-10]
[0.0, -1.5251876123e-12, -1.4873149079999998e-13, 2.187685278e-11, -1.2518974e-10, -1.980162162e-15, 1.00140903e-15, 2.42421421e-05, -1.9864058445e-06, -1.13029137e-08, 8.80514618e-10]
[0.0, -1.134437067e-12, -1.65257212e-13, 2.43076142e-11, -1.2518974e-10, -1.7821459458e-15, 9.01268127e-16, 2.42421421e-05, -2.207117605e-06, -1.3814672300000001e-08, 9.685660798e-10]
[0.0, -1.26048563e-12, -1.65257212e-13, 2.43076142e-11, -1.2518974e-10, -1.6201326779999998e-15, 9.01268127e-16, 2.42421421e-05, -2.207117605e-06, -1.2558793e-08, 9.685660798e-10]
[0.0, -1.26048563e-12, -1.65257212e-13, 2.673837562e-11, -1.1267076599999999e-10, -1.6201326779999998e-15, 9.913949397000002e-16, 1.9636135100999998e-05, -2.207117605e-06, -1.2558793e-08, 7.924631562e-10]
[0.0, -1.134437067e-12, -1.4873149079999998e-13, 2.673837562e-11, -1.2518974e-10, -1.980162162e-15, 9.01268127e-16, 2.42421421e-05, -1.805823495e-06, -1.3814672300000001e-08, 9.685660798e-10]
[0.0, -1.5251876123e-12, -1.4873149079999998e-13, 2.187685278e-11, -1.2518974e-10, -1.980162162e-15, 1.00140903e-15, 2.42421421e-05, -1.9864058445e-06, -1.13029137e-08, 8.80514618e-10]
[0.0, -1.134437067e-12, -1.65257212e-13, 2.43076142e-11, -1.2518974e-10, -1.7821459458e-15, 9.01268127e-16, 2.42421421e-05, -2.207117605e-06, -1.3814672300000001e-08, 9.685660798e-10]
[0.0, -1.26048563e-12, -1.65257212e-13, 2.43076142e-11, -1.2518974e-10, -1.6201326779999998e-15, 9.01268127e-16, 2.42421421e-05, -2.207117605e-06, -1.2558793e-08, 9.685660798e-10]

After Mutation:
[0.0, -1.26048563e-12, -1.65257212e-13, 2.673837562e-11, -1.1267076599999999e-10, -1.6201326779999998e-15, 9.01268127e-16, 2.42421421e-05, -2.207117605e-06, -1.2558793e-08, 9.685660798e-10]
[0.0, -1.2478807737e-12, -1.3385834171999997e-13, 2.673837562e-11, -1.2518974e-10, -1.7821459458e-15, 1.0905344336700002e-15, 1.7672521590899997e-05, -2.207117605e-06, -1.2558793e-08, 7.924631562e-10]
[0.0, -1.5251876123e-12, -1.4873149079999998e-13, 2.187685278e-11, -1.2518974e-10, -1.980162162e-15, 1.101549933e-15, 2.42421421e-05, -2.18504642895e-06, -1.13029137e-08, 8.80514618e-10]
[0.0, -1.134437067e-12, -1.65257212e-13, 2.673837562e-11, -1.2518974e-10, -1.7821459458e-15, 9.01268127e-16, 2.666635631e-05, -2.207117605e-06, -1.3814672300000001e-08, 9.685660798e-10]
[0.0, -1.386534193e-12, -1.4873149079999998e-13, 2.187685278e-11, -1.1267076599999999e-10, -1.4581194101999997e-15, 9.01268127e-16, 2.42421421e-05, -2.207117605e-06, -1.13029137e-08, 8.717094718199999e-10]
[0.0, -1.26048563e-12, -1.65257212e-13, 2.673837562e-11, -1.1267076599999999e-10, -1.6201326779999998e-15, 9.913949397000002e-16, 1.9636135100999998e-05, -2.207117605e-06, -1.2558793e-08, 8.7170947182e-10]
[0.0, -1.134437067e-12, -1.3385834171999997e-13, 2.9412213182000004e-11, -1.1267076599999999e-10, -1.980162162e-15, 9.913949397e-16, 2.42421421e-05, -1.6252411455e-06, -1.2433205070000001e-08, 9.685660798e-10]
[0.0, -1.5251876123e-12, -1.6360463988e-13, 1.9689167502e-11, -1.3770871399999998e-10, -1.980162162e-15, 1.00140903e-15, 2.666635631e-05, -2.18504642895e-06, -1.13029137e-08, 7.924631562e-10]
[0.0, -1.134437067e-12, -1.4873149079999998e-13, 2.673837562e-11, -1.2518974e-10, -1.96036054038e-15, 9.01268127e-16, 2.42421421e-05, -1.9864058445e-06, -1.2433205070000001e-08, 1.0654226877799999e-09]
[0.0, -1.26048563e-12, -1.817829332e-13, 2.43076142e-11, -1.2518974e-10, -1.6201326779999998e-15, 9.01268127e-16, 2.42421421e-05, -2.207117605e-06, -1.2558793e-08, 9.685660798e-10]
Min of Generation: 2 :  495116253070.8984
Best vector of this gen  [ 0.00000000e+00 -1.26048563e-12 -1.65257212e-13  2.67383756e-11
 -1.12670766e-10 -1.62013268e-15  9.01268127e-16  2.42421421e-05
 -2.20711760e-06 -1.25587930e-08  9.68566080e-10]

Generation:  3
Intial popln: 
[0.0, -1.26048563e-12, -1.65257212e-13, 2.673837562e-11, -1.1267076599999999e-10, -1.6201326779999998e-15, 9.01268127e-16, 2.42421421e-05, -2.207117605e-06, -1.2558793e-08, 9.685660798e-10]
[0.0, -1.134437067e-12, -1.3385834171999997e-13, 2.9412213182000004e-11, -1.1267076599999999e-10, -1.980162162e-15, 9.913949397e-16, 2.42421421e-05, -1.6252411455e-06, -1.2433205070000001e-08, 9.685660798e-10]
[0.0, -1.5251876123e-12, -1.4873149079999998e-13, 2.187685278e-11, -1.2518974e-10, -1.980162162e-15, 1.101549933e-15, 2.42421421e-05, -2.18504642895e-06, -1.13029137e-08, 8.80514618e-10]
[0.0, -1.134437067e-12, -1.65257212e-13, 2.673837562e-11, -1.2518974e-10, -1.7821459458e-15, 9.01268127e-16, 2.666635631e-05, -2.207117605e-06, -1.3814672300000001e-08, 9.685660798e-10]
[0.0, -1.386534193e-12, -1.4873149079999998e-13, 2.187685278e-11, -1.1267076599999999e-10, -1.4581194101999997e-15, 9.01268127e-16, 2.42421421e-05, -2.207117605e-06, -1.13029137e-08, 8.717094718199999e-10]
[0.0, -1.134437067e-12, -1.4873149079999998e-13, 2.673837562e-11, -1.2518974e-10, -1.96036054038e-15, 9.01268127e-16, 2.42421421e-05, -1.9864058445e-06, -1.2433205070000001e-08, 1.0654226877799999e-09]
[0.0, -1.5251876123e-12, -1.6360463988e-13, 1.9689167502e-11, -1.3770871399999998e-10, -1.980162162e-15, 1.00140903e-15, 2.666635631e-05, -2.18504642895e-06, -1.13029137e-08, 7.924631562e-10]
[0.0, -1.2478807737e-12, -1.3385834171999997e-13, 2.673837562e-11, -1.2518974e-10, -1.7821459458e-15, 1.0905344336700002e-15, 1.7672521590899997e-05, -2.207117605e-06, -1.2558793e-08, 7.924631562e-10]
[0.0, -1.26048563e-12, -1.817829332e-13, 2.43076142e-11, -1.2518974e-10, -1.6201326779999998e-15, 9.01268127e-16, 2.42421421e-05, -2.207117605e-06, -1.2558793e-08, 9.685660798e-10]
[0.0, -1.26048563e-12, -1.65257212e-13, 2.673837562e-11, -1.1267076599999999e-10, -1.6201326779999998e-15, 9.913949397000002e-16, 1.9636135100999998e-05, -2.207117605e-06, -1.2558793e-08, 8.7170947182e-10]

After Selection:
[0.0, -1.26048563e-12, -1.65257212e-13, 2.673837562e-11, -1.1267076599999999e-10, -1.6201326779999998e-15, 9.01268127e-16, 2.42421421e-05, -2.207117605e-06, -1.2558793e-08, 9.685660798e-10]
[0.0, -1.134437067e-12, -1.3385834171999997e-13, 2.9412213182000004e-11, -1.1267076599999999e-10, -1.980162162e-15, 9.913949397e-16, 2.42421421e-05, -1.6252411455e-06, -1.2433205070000001e-08, 9.685660798e-10]
[0.0, -1.5251876123e-12, -1.4873149079999998e-13, 2.187685278e-11, -1.2518974e-10, -1.980162162e-15, 1.101549933e-15, 2.42421421e-05, -2.18504642895e-06, -1.13029137e-08, 8.80514618e-10]
[0.0, -1.134437067e-12, -1.65257212e-13, 2.673837562e-11, -1.2518974e-10, -1.7821459458e-15, 9.01268127e-16, 2.666635631e-05, -2.207117605e-06, -1.3814672300000001e-08, 9.685660798e-10]
[0.0, -1.386534193e-12, -1.4873149079999998e-13, 2.187685278e-11, -1.1267076599999999e-10, -1.4581194101999997e-15, 9.01268127e-16, 2.42421421e-05, -2.207117605e-06, -1.13029137e-08, 8.717094718199999e-10]

After CrossOver:
[0.0, -1.26048563e-12, -1.65257212e-13, 2.673837562e-11, -1.1267076599999999e-10, -1.6201326779999998e-15, 9.01268127e-16, 2.42421421e-05, -2.207117605e-06, -1.2558793e-08, 9.685660798e-10]
[0.0, -1.134437067e-12, -1.3385834171999997e-13, 2.9412213182000004e-11, -1.1267076599999999e-10, -1.980162162e-15, 9.913949397e-16, 2.42421421e-05, -1.6252411455e-06, -1.2433205070000001e-08, 9.685660798e-10]
[0.0, -1.5251876123e-12, -1.4873149079999998e-13, 2.187685278e-11, -1.2518974e-10, -1.980162162e-15, 9.01268127e-16, 2.666635631e-05, -2.207117605e-06, -1.3814672300000001e-08, 9.685660798e-10]
[0.0, -1.134437067e-12, -1.65257212e-13, 2.673837562e-11, -1.2518974e-10, -1.7821459458e-15, 9.01268127e-16, 2.42421421e-05, -2.207117605e-06, -1.13029137e-08, 8.717094718199999e-10]
[0.0, -1.386534193e-12, -1.4873149079999998e-13, 2.187685278e-11, -1.1267076599999999e-10, -1.4581194101999997e-15, 9.01268127e-16, 2.42421421e-05, -2.207117605e-06, -1.2558793e-08, 9.685660798e-10]
[0.0, -1.26048563e-12, -1.65257212e-13, 2.673837562e-11, -1.1267076599999999e-10, -1.6201326779999998e-15, 9.913949397e-16, 2.42421421e-05, -1.6252411455e-06, -1.2433205070000001e-08, 9.685660798e-10]
[0.0, -1.134437067e-12, -1.3385834171999997e-13, 2.9412213182000004e-11, -1.1267076599999999e-10, -1.980162162e-15, 1.101549933e-15, 2.42421421e-05, -2.18504642895e-06, -1.13029137e-08, 8.80514618e-10]
[0.0, -1.5251876123e-12, -1.4873149079999998e-13, 2.187685278e-11, -1.2518974e-10, -1.980162162e-15, 9.01268127e-16, 2.666635631e-05, -2.207117605e-06, -1.3814672300000001e-08, 9.685660798e-10]
[0.0, -1.134437067e-12, -1.65257212e-13, 2.673837562e-11, -1.2518974e-10, -1.7821459458e-15, 9.01268127e-16, 2.42421421e-05, -2.207117605e-06, -1.13029137e-08, 8.717094718199999e-10]
[0.0, -1.386534193e-12, -1.4873149079999998e-13, 2.187685278e-11, -1.1267076599999999e-10, -1.4581194101999997e-15, 9.01268127e-16, 2.42421421e-05, -2.207117605e-06, -1.2558793e-08, 9.685660798e-10]

After Mutation:
[0.0, -1.386534193e-12, -1.65257212e-13, 2.673837562e-11, -1.1267076599999999e-10, -1.4581194101999997e-15, 8.111413142999999e-16, 2.42421421e-05, -2.4278293654999997e-06, -1.2558793e-08, 9.685660798e-10]
[0.0, -1.134437067e-12, -1.2047250754799999e-13, 2.6470991863800002e-11, -1.1267076599999999e-10, -1.980162162e-15, 9.913949397e-16, 2.42421421e-05, -1.78776526005e-06, -1.2433205070000001e-08, 9.685660798e-10]
[0.0, -1.67770637353e-12, -1.4873149079999998e-13, 1.9689167502e-11, -1.2518974e-10, -1.980162162e-15, 9.01268127e-16, 2.666635631e-05, -2.207117605e-06, -1.2433205070000001e-08, 8.717094718199999e-10]
[0.0, -1.134437067e-12, -1.65257212e-13, 2.673837562e-11, -1.1267076599999999e-10, -1.7821459458e-15, 8.111413142999999e-16, 2.42421421e-05, -2.207117605e-06, -1.13029137e-08, 8.717094718199999e-10]
[0.0, -1.386534193e-12, -1.3385834171999997e-13, 2.187685278e-11, -1.1267076599999999e-10, -1.3123074691799997e-15, 9.01268127e-16, 2.42421421e-05, -2.207117605e-06, -1.2558793e-08, 9.685660798e-10]
[0.0, -1.386534193e-12, -1.65257212e-13, 2.9412213182000004e-11, -1.1267076599999999e-10, -1.4581194101999997e-15, 9.913949397e-16, 2.666635631e-05, -1.6252411455e-06, -1.2433205070000001e-08, 9.685660798e-10]
[0.0, -1.134437067e-12, -1.3385834171999997e-13, 2.9412213182000004e-11, -1.1267076599999999e-10, -1.7821459458e-15, 1.101549933e-15, 2.666635631e-05, -2.18504642895e-06, -1.13029137e-08, 9.685660798e-10]
[0.0, -1.5251876123e-12, -1.3385834171999997e-13, 2.4064538058e-11, -1.2518974e-10, -1.7821459458e-15, 9.01268127e-16, 2.666635631e-05, -2.207117605e-06, -1.2433205070000001e-08, 9.685660798e-10]
[0.0, -1.0209933602999999e-12, -1.65257212e-13, 2.673837562e-11, -1.2518974e-10, -1.7821459458e-15, 9.01268127e-16, 2.42421421e-05, -1.9864058445e-06, -1.13029137e-08, 8.717094718199999e-10]
[0.0, -1.386534193e-12, -1.4873149079999998e-13, 2.4064538058e-11, -1.1267076599999999e-10, -1.4581194101999997e-15, 9.913949397e-16, 2.42421421e-05, -1.9864058445e-06, -1.2558793e-08, 8.717094718199999e-10]
Min of Generation: 3 :  292821430861.3689
Best vector of this gen  [ 0.00000000e+00 -1.38653419e-12 -1.48731491e-13  2.40645381e-11
 -1.12670766e-10 -1.45811941e-15  9.91394940e-16  2.42421421e-05
 -1.98640584e-06 -1.25587930e-08  8.71709472e-10]

Generation:  4
Intial popln: 
[0.0, -1.386534193e-12, -1.65257212e-13, 2.9412213182000004e-11, -1.1267076599999999e-10, -1.4581194101999997e-15, 9.913949397e-16, 2.666635631e-05, -1.6252411455e-06, -1.2433205070000001e-08, 9.685660798e-10]
[0.0, -1.134437067e-12, -1.3385834171999997e-13, 2.9412213182000004e-11, -1.1267076599999999e-10, -1.7821459458e-15, 1.101549933e-15, 2.666635631e-05, -2.18504642895e-06, -1.13029137e-08, 9.685660798e-10]
[0.0, -1.134437067e-12, -1.2047250754799999e-13, 2.6470991863800002e-11, -1.1267076599999999e-10, -1.980162162e-15, 9.913949397e-16, 2.42421421e-05, -1.78776526005e-06, -1.2433205070000001e-08, 9.685660798e-10]
[0.0, -1.386534193e-12, -1.65257212e-13, 2.673837562e-11, -1.1267076599999999e-10, -1.4581194101999997e-15, 8.111413142999999e-16, 2.42421421e-05, -2.4278293654999997e-06, -1.2558793e-08, 9.685660798e-10]
[0.0, -1.67770637353e-12, -1.4873149079999998e-13, 1.9689167502e-11, -1.2518974e-10, -1.980162162e-15, 9.01268127e-16, 2.666635631e-05, -2.207117605e-06, -1.2433205070000001e-08, 8.717094718199999e-10]
[0.0, -1.5251876123e-12, -1.3385834171999997e-13, 2.4064538058e-11, -1.2518974e-10, -1.7821459458e-15, 9.01268127e-16, 2.666635631e-05, -2.207117605e-06, -1.2433205070000001e-08, 9.685660798e-10]
[0.0, -1.0209933602999999e-12, -1.65257212e-13, 2.673837562e-11, -1.2518974e-10, -1.7821459458e-15, 9.01268127e-16, 2.42421421e-05, -1.9864058445e-06, -1.13029137e-08, 8.717094718199999e-10]
[0.0, -1.386534193e-12, -1.4873149079999998e-13, 2.4064538058e-11, -1.1267076599999999e-10, -1.4581194101999997e-15, 9.913949397e-16, 2.42421421e-05, -1.9864058445e-06, -1.2558793e-08, 8.717094718199999e-10]
[0.0, -1.386534193e-12, -1.3385834171999997e-13, 2.187685278e-11, -1.1267076599999999e-10, -1.3123074691799997e-15, 9.01268127e-16, 2.42421421e-05, -2.207117605e-06, -1.2558793e-08, 9.685660798e-10]
[0.0, -1.134437067e-12, -1.65257212e-13, 2.673837562e-11, -1.1267076599999999e-10, -1.7821459458e-15, 8.111413142999999e-16, 2.42421421e-05, -2.207117605e-06, -1.13029137e-08, 8.717094718199999e-10]

After Selection:
[0.0, -1.386534193e-12, -1.65257212e-13, 2.9412213182000004e-11, -1.1267076599999999e-10, -1.4581194101999997e-15, 9.913949397e-16, 2.666635631e-05, -1.6252411455e-06, -1.2433205070000001e-08, 9.685660798e-10]
[0.0, -1.134437067e-12, -1.3385834171999997e-13, 2.9412213182000004e-11, -1.1267076599999999e-10, -1.7821459458e-15, 1.101549933e-15, 2.666635631e-05, -2.18504642895e-06, -1.13029137e-08, 9.685660798e-10]
[0.0, -1.134437067e-12, -1.2047250754799999e-13, 2.6470991863800002e-11, -1.1267076599999999e-10, -1.980162162e-15, 9.913949397e-16, 2.42421421e-05, -1.78776526005e-06, -1.2433205070000001e-08, 9.685660798e-10]
[0.0, -1.386534193e-12, -1.65257212e-13, 2.673837562e-11, -1.1267076599999999e-10, -1.4581194101999997e-15, 8.111413142999999e-16, 2.42421421e-05, -2.4278293654999997e-06, -1.2558793e-08, 9.685660798e-10]
[0.0, -1.67770637353e-12, -1.4873149079999998e-13, 1.9689167502e-11, -1.2518974e-10, -1.980162162e-15, 9.01268127e-16, 2.666635631e-05, -2.207117605e-06, -1.2433205070000001e-08, 8.717094718199999e-10]

After CrossOver:
[0.0, -1.386534193e-12, -1.65257212e-13, 2.9412213182000004e-11, -1.1267076599999999e-10, -1.4581194101999997e-15, 9.913949397e-16, 2.666635631e-05, -1.6252411455e-06, -1.2433205070000001e-08, 9.685660798e-10]
[0.0, -1.134437067e-12, -1.3385834171999997e-13, 2.9412213182000004e-11, -1.1267076599999999e-10, -1.7821459458e-15, 1.101549933e-15, 2.666635631e-05, -2.18504642895e-06, -1.13029137e-08, 9.685660798e-10]
[0.0, -1.134437067e-12, -1.2047250754799999e-13, 2.6470991863800002e-11, -1.1267076599999999e-10, -1.980162162e-15, 8.111413142999999e-16, 2.42421421e-05, -2.4278293654999997e-06, -1.2558793e-08, 9.685660798e-10]
[0.0, -1.386534193e-12, -1.65257212e-13, 2.673837562e-11, -1.1267076599999999e-10, -1.4581194101999997e-15, 9.01268127e-16, 2.666635631e-05, -2.207117605e-06, -1.2433205070000001e-08, 8.717094718199999e-10]
[0.0, -1.67770637353e-12, -1.4873149079999998e-13, 1.9689167502e-11, -1.2518974e-10, -1.980162162e-15, 9.913949397e-16, 2.666635631e-05, -1.6252411455e-06, -1.2433205070000001e-08, 9.685660798e-10]
[0.0, -1.386534193e-12, -1.65257212e-13, 2.9412213182000004e-11, -1.1267076599999999e-10, -1.4581194101999997e-15, 1.101549933e-15, 2.666635631e-05, -2.18504642895e-06, -1.13029137e-08, 9.685660798e-10]
[0.0, -1.134437067e-12, -1.3385834171999997e-13, 2.9412213182000004e-11, -1.1267076599999999e-10, -1.7821459458e-15, 9.913949397e-16, 2.42421421e-05, -1.78776526005e-06, -1.2433205070000001e-08, 9.685660798e-10]
[0.0, -1.134437067e-12, -1.2047250754799999e-13, 2.6470991863800002e-11, -1.1267076599999999e-10, -1.980162162e-15, 8.111413142999999e-16, 2.42421421e-05, -2.4278293654999997e-06, -1.2558793e-08, 9.685660798e-10]
[0.0, -1.386534193e-12, -1.65257212e-13, 2.673837562e-11, -1.1267076599999999e-10, -1.4581194101999997e-15, 9.01268127e-16, 2.666635631e-05, -2.207117605e-06, -1.2433205070000001e-08, 8.717094718199999e-10]
[0.0, -1.67770637353e-12, -1.4873149079999998e-13, 1.9689167502e-11, -1.2518974e-10, -1.980162162e-15, 9.913949397e-16, 2.666635631e-05, -1.6252411455e-06, -1.2433205070000001e-08, 9.685660798e-10]

After Mutation:
[0.0, -1.5251876123e-12, -1.817829332e-13, 2.9412213182000004e-11, -1.1267076599999999e-10, -1.4581194101999997e-15, 9.913949397e-16, 2.666635631e-05, -1.6252411455e-06, -1.2433205070000001e-08, 1.0654226877799999e-09]
[0.0, -1.134437067e-12, -1.3385834171999997e-13, 2.9412213182000004e-11, -1.1267076599999999e-10, -1.7821459458e-15, 1.101549933e-15, 2.9332991941e-05, -1.966541786055e-06, -1.13029137e-08, 9.685660798e-10]
[0.0, -1.134437067e-12, -1.3251975830279999e-13, 2.6470991863800002e-11, -1.1267076599999999e-10, -1.980162162e-15, 8.111413142999999e-16, 2.42421421e-05, -2.4278293654999997e-06, -1.2558793e-08, 1.0654226877799999e-09]
[0.0, -1.386534193e-12, -1.4873149079999998e-13, 2.673837562e-11, -1.2393784259999998e-10, -1.4581194101999997e-15, 9.913949397e-16, 2.666635631e-05, -2.207117605e-06, -1.3676525577000001e-08, 8.717094718199999e-10]
[0.0, -1.67770637353e-12, -1.6360463988e-13, 1.9689167502e-11, -1.2518974e-10, -1.980162162e-15, 9.913949397e-16, 2.3999720679e-05, -1.78776526005e-06, -1.2433205070000001e-08, 8.717094718199999e-10]
[0.0, -1.386534193e-12, -1.65257212e-13, 2.6470991863800002e-11, -1.1267076599999999e-10, -1.4581194101999997e-15, 1.2117049263e-15, 2.9332991941e-05, -2.18504642895e-06, -1.017262233e-08, 9.685660798e-10]
[0.0, -1.134437067e-12, -1.3385834171999997e-13, 2.9412213182000004e-11, -1.1267076599999999e-10, -1.7821459458e-15, 9.913949397e-16, 2.666635631e-05, -1.966541786055e-06, -1.1189884563e-08, 1.0654226877799999e-09]
[0.0, -1.134437067e-12, -1.3251975830279999e-13, 2.911809105018e-11, -1.1267076599999999e-10, -2.1781783782e-15, 7.300271828699999e-16, 2.42421421e-05, -2.4278293654999997e-06, -1.3814672300000001e-08, 8.717094718199999e-10]
[0.0, -1.2478807737e-12, -1.65257212e-13, 2.9412213182000004e-11, -1.1267076599999999e-10, -1.4581194101999997e-15, 8.111413142999999e-16, 2.666635631e-05, -2.207117605e-06, -1.2433205070000001e-08, 8.717094718199999e-10]
[0.0, -1.67770637353e-12, -1.4873149079999998e-13, 2.16580842522e-11, -1.2518974e-10, -1.980162162e-15, 9.913949397e-16, 2.666635631e-05, -1.78776526005e-06, -1.2433205070000001e-08, 8.717094718199999e-10]
Min of Generation: 4 :  830583389853.7568
Best vector of this gen  [ 0.00000000e+00 -1.13443707e-12 -1.32519758e-13  2.64709919e-11
 -1.12670766e-10 -1.98016216e-15  8.11141314e-16  2.42421421e-05
 -2.42782937e-06 -1.25587930e-08  1.06542269e-09]

Generation:  5
Intial popln: 
[0.0, -1.67770637353e-12, -1.6360463988e-13, 1.9689167502e-11, -1.2518974e-10, -1.980162162e-15, 9.913949397e-16, 2.3999720679e-05, -1.78776526005e-06, -1.2433205070000001e-08, 8.717094718199999e-10]
[0.0, -1.134437067e-12, -1.3385834171999997e-13, 2.9412213182000004e-11, -1.1267076599999999e-10, -1.7821459458e-15, 9.913949397e-16, 2.666635631e-05, -1.966541786055e-06, -1.1189884563e-08, 1.0654226877799999e-09]
[0.0, -1.386534193e-12, -1.4873149079999998e-13, 2.673837562e-11, -1.2393784259999998e-10, -1.4581194101999997e-15, 9.913949397e-16, 2.666635631e-05, -2.207117605e-06, -1.3676525577000001e-08, 8.717094718199999e-10]
[0.0, -1.5251876123e-12, -1.817829332e-13, 2.9412213182000004e-11, -1.1267076599999999e-10, -1.4581194101999997e-15, 9.913949397e-16, 2.666635631e-05, -1.6252411455e-06, -1.2433205070000001e-08, 1.0654226877799999e-09]
[0.0, -1.67770637353e-12, -1.4873149079999998e-13, 2.16580842522e-11, -1.2518974e-10, -1.980162162e-15, 9.913949397e-16, 2.666635631e-05, -1.78776526005e-06, -1.2433205070000001e-08, 8.717094718199999e-10]
[0.0, -1.386534193e-12, -1.65257212e-13, 2.6470991863800002e-11, -1.1267076599999999e-10, -1.4581194101999997e-15, 1.2117049263e-15, 2.9332991941e-05, -2.18504642895e-06, -1.017262233e-08, 9.685660798e-10]
[0.0, -1.2478807737e-12, -1.65257212e-13, 2.9412213182000004e-11, -1.1267076599999999e-10, -1.4581194101999997e-15, 8.111413142999999e-16, 2.666635631e-05, -2.207117605e-06, -1.2433205070000001e-08, 8.717094718199999e-10]
[0.0, -1.134437067e-12, -1.3251975830279999e-13, 2.911809105018e-11, -1.1267076599999999e-10, -2.1781783782e-15, 7.300271828699999e-16, 2.42421421e-05, -2.4278293654999997e-06, -1.3814672300000001e-08, 8.717094718199999e-10]
[0.0, -1.134437067e-12, -1.3385834171999997e-13, 2.9412213182000004e-11, -1.1267076599999999e-10, -1.7821459458e-15, 1.101549933e-15, 2.9332991941e-05, -1.966541786055e-06, -1.13029137e-08, 9.685660798e-10]
[0.0, -1.134437067e-12, -1.3251975830279999e-13, 2.6470991863800002e-11, -1.1267076599999999e-10, -1.980162162e-15, 8.111413142999999e-16, 2.42421421e-05, -2.4278293654999997e-06, -1.2558793e-08, 1.0654226877799999e-09]

After Selection:
[0.0, -1.67770637353e-12, -1.6360463988e-13, 1.9689167502e-11, -1.2518974e-10, -1.980162162e-15, 9.913949397e-16, 2.3999720679e-05, -1.78776526005e-06, -1.2433205070000001e-08, 8.717094718199999e-10]
[0.0, -1.134437067e-12, -1.3385834171999997e-13, 2.9412213182000004e-11, -1.1267076599999999e-10, -1.7821459458e-15, 9.913949397e-16, 2.666635631e-05, -1.966541786055e-06, -1.1189884563e-08, 1.0654226877799999e-09]
[0.0, -1.386534193e-12, -1.4873149079999998e-13, 2.673837562e-11, -1.2393784259999998e-10, -1.4581194101999997e-15, 9.913949397e-16, 2.666635631e-05, -2.207117605e-06, -1.3676525577000001e-08, 8.717094718199999e-10]
[0.0, -1.5251876123e-12, -1.817829332e-13, 2.9412213182000004e-11, -1.1267076599999999e-10, -1.4581194101999997e-15, 9.913949397e-16, 2.666635631e-05, -1.6252411455e-06, -1.2433205070000001e-08, 1.0654226877799999e-09]
[0.0, -1.67770637353e-12, -1.4873149079999998e-13, 2.16580842522e-11, -1.2518974e-10, -1.980162162e-15, 9.913949397e-16, 2.666635631e-05, -1.78776526005e-06, -1.2433205070000001e-08, 8.717094718199999e-10]

After CrossOver:
[0.0, -1.67770637353e-12, -1.6360463988e-13, 1.9689167502e-11, -1.2518974e-10, -1.980162162e-15, 9.913949397e-16, 2.3999720679e-05, -1.78776526005e-06, -1.2433205070000001e-08, 8.717094718199999e-10]
[0.0, -1.134437067e-12, -1.3385834171999997e-13, 2.9412213182000004e-11, -1.1267076599999999e-10, -1.7821459458e-15, 9.913949397e-16, 2.666635631e-05, -1.966541786055e-06, -1.1189884563e-08, 1.0654226877799999e-09]
[0.0, -1.386534193e-12, -1.4873149079999998e-13, 2.673837562e-11, -1.2393784259999998e-10, -1.4581194101999997e-15, 9.913949397e-16, 2.666635631e-05, -1.6252411455e-06, -1.2433205070000001e-08, 1.0654226877799999e-09]
[0.0, -1.5251876123e-12, -1.817829332e-13, 2.9412213182000004e-11, -1.1267076599999999e-10, -1.4581194101999997e-15, 9.913949397e-16, 2.666635631e-05, -1.78776526005e-06, -1.2433205070000001e-08, 8.717094718199999e-10]
[0.0, -1.67770637353e-12, -1.4873149079999998e-13, 2.16580842522e-11, -1.2518974e-10, -1.980162162e-15, 9.913949397e-16, 2.3999720679e-05, -1.78776526005e-06, -1.2433205070000001e-08, 8.717094718199999e-10]
[0.0, -1.67770637353e-12, -1.6360463988e-13, 1.9689167502e-11, -1.2518974e-10, -1.980162162e-15, 9.913949397e-16, 2.666635631e-05, -1.966541786055e-06, -1.1189884563e-08, 1.0654226877799999e-09]
[0.0, -1.134437067e-12, -1.3385834171999997e-13, 2.9412213182000004e-11, -1.1267076599999999e-10, -1.7821459458e-15, 9.913949397e-16, 2.666635631e-05, -2.207117605e-06, -1.3676525577000001e-08, 8.717094718199999e-10]
[0.0, -1.386534193e-12, -1.4873149079999998e-13, 2.673837562e-11, -1.2393784259999998e-10, -1.4581194101999997e-15, 9.913949397e-16, 2.666635631e-05, -1.6252411455e-06, -1.2433205070000001e-08, 1.0654226877799999e-09]
[0.0, -1.5251876123e-12, -1.817829332e-13, 2.9412213182000004e-11, -1.1267076599999999e-10, -1.4581194101999997e-15, 9.913949397e-16, 2.666635631e-05, -1.78776526005e-06, -1.2433205070000001e-08, 8.717094718199999e-10]
[0.0, -1.67770637353e-12, -1.4873149079999998e-13, 2.16580842522e-11, -1.2518974e-10, -1.980162162e-15, 9.913949397e-16, 2.3999720679e-05, -1.78776526005e-06, -1.2433205070000001e-08, 8.717094718199999e-10]

After Mutation:
[0.0, -1.67770637353e-12, -1.6360463988e-13, 1.9689167502e-11, -1.1267076599999999e-10, -1.980162162e-15, 9.913949397e-16, 2.3999720679e-05, -1.78776526005e-06, -1.2433205070000001e-08, 7.845385246379999e-10]
[0.0, -1.134437067e-12, -1.3385834171999997e-13, 2.9412213182000004e-11, -1.0140368939999998e-10, -1.7821459458e-15, 9.913949397e-16, 2.666635631e-05, -2.1631959646605e-06, -1.1189884563e-08, 1.0654226877799999e-09]
[0.0, -1.386534193e-12, -1.4873149079999998e-13, 2.673837562e-11, -1.2393784259999998e-10, -1.4581194101999997e-15, 8.9225544573e-16, 2.666635631e-05, -1.78776526005e-06, -1.3676525577000001e-08, 1.0654226877799999e-09]
[0.0, -1.67770637353e-12, -1.817829332e-13, 2.9412213182000004e-11, -1.1267076599999999e-10, -1.4581194101999997e-15, 9.913949397e-16, 2.666635631e-05, -1.608988734045e-06, -1.3676525577000001e-08, 8.717094718199999e-10]
[0.0, -1.67770637353e-12, -1.4873149079999998e-13, 2.16580842522e-11, -1.2518974e-10, -1.980162162e-15, 8.9225544573e-16, 2.3999720679e-05, -1.78776526005e-06, -1.2433205070000001e-08, 8.717094718199999e-10]
[0.0, -1.509935736177e-12, -1.6360463988e-13, 1.9689167502e-11, -1.2518974e-10, -1.980162162e-15, 1.09053443367e-15, 2.666635631e-05, -1.966541786055e-06, -1.1189884563e-08, 1.0654226877799999e-09]
[0.0, -1.134437067e-12, -1.3385834171999997e-13, 2.6470991863800002e-11, -1.1267076599999999e-10, -1.7821459458e-15, 9.913949397e-16, 2.666635631e-05, -1.9864058445e-06, -1.3676525577000001e-08, 8.717094718199999e-10]
[0.0, -1.2478807737e-12, -1.4873149079999998e-13, 2.673837562e-11, -1.2393784259999998e-10, -1.4581194101999997e-15, 8.9225544573e-16, 2.3999720679e-05, -1.6252411455e-06, -1.2433205070000001e-08, 1.1719649565579999e-09]
[0.0, -1.67770637353e-12, -1.817829332e-13, 2.6470991863800002e-11, -1.2393784259999998e-10, -1.4581194101999997e-15, 9.913949397e-16, 2.666635631e-05, -1.78776526005e-06, -1.2433205070000001e-08, 9.588804190019999e-10]
[0.0, -1.67770637353e-12, -1.4873149079999998e-13, 2.16580842522e-11, -1.2518974e-10, -1.980162162e-15, 9.913949397e-16, 2.3999720679e-05, -1.78776526005e-06, -1.2433205070000001e-08, 8.717094718199999e-10]
Min of Generation: 5 :  451013726546.3767
Best vector of this gen  [ 0.00000000e+00 -1.13443707e-12 -1.33858342e-13  2.64709919e-11
 -1.12670766e-10 -1.78214595e-15  9.91394940e-16  2.66663563e-05
 -1.98640584e-06 -1.36765256e-08  8.71709472e-10]

Generation:  6
Intial popln: 
[0.0, -1.67770637353e-12, -1.817829332e-13, 2.6470991863800002e-11, -1.2393784259999998e-10, -1.4581194101999997e-15, 9.913949397e-16, 2.666635631e-05, -1.78776526005e-06, -1.2433205070000001e-08, 9.588804190019999e-10]
[0.0, -1.134437067e-12, -1.3385834171999997e-13, 2.6470991863800002e-11, -1.1267076599999999e-10, -1.7821459458e-15, 9.913949397e-16, 2.666635631e-05, -1.9864058445e-06, -1.3676525577000001e-08, 8.717094718199999e-10]
[0.0, -1.67770637353e-12, -1.817829332e-13, 2.9412213182000004e-11, -1.1267076599999999e-10, -1.4581194101999997e-15, 9.913949397e-16, 2.666635631e-05, -1.608988734045e-06, -1.3676525577000001e-08, 8.717094718199999e-10]
[0.0, -1.2478807737e-12, -1.4873149079999998e-13, 2.673837562e-11, -1.2393784259999998e-10, -1.4581194101999997e-15, 8.9225544573e-16, 2.3999720679e-05, -1.6252411455e-06, -1.2433205070000001e-08, 1.1719649565579999e-09]
[0.0, -1.67770637353e-12, -1.4873149079999998e-13, 2.16580842522e-11, -1.2518974e-10, -1.980162162e-15, 9.913949397e-16, 2.3999720679e-05, -1.78776526005e-06, -1.2433205070000001e-08, 8.717094718199999e-10]
[0.0, -1.67770637353e-12, -1.6360463988e-13, 1.9689167502e-11, -1.1267076599999999e-10, -1.980162162e-15, 9.913949397e-16, 2.3999720679e-05, -1.78776526005e-06, -1.2433205070000001e-08, 7.845385246379999e-10]
[0.0, -1.386534193e-12, -1.4873149079999998e-13, 2.673837562e-11, -1.2393784259999998e-10, -1.4581194101999997e-15, 8.9225544573e-16, 2.666635631e-05, -1.78776526005e-06, -1.3676525577000001e-08, 1.0654226877799999e-09]
[0.0, -1.134437067e-12, -1.3385834171999997e-13, 2.9412213182000004e-11, -1.0140368939999998e-10, -1.7821459458e-15, 9.913949397e-16, 2.666635631e-05, -2.1631959646605e-06, -1.1189884563e-08, 1.0654226877799999e-09]
[0.0, -1.67770637353e-12, -1.4873149079999998e-13, 2.16580842522e-11, -1.2518974e-10, -1.980162162e-15, 8.9225544573e-16, 2.3999720679e-05, -1.78776526005e-06, -1.2433205070000001e-08, 8.717094718199999e-10]
[0.0, -1.509935736177e-12, -1.6360463988e-13, 1.9689167502e-11, -1.2518974e-10, -1.980162162e-15, 1.09053443367e-15, 2.666635631e-05, -1.966541786055e-06, -1.1189884563e-08, 1.0654226877799999e-09]

After Selection:
[0.0, -1.67770637353e-12, -1.817829332e-13, 2.6470991863800002e-11, -1.2393784259999998e-10, -1.4581194101999997e-15, 9.913949397e-16, 2.666635631e-05, -1.78776526005e-06, -1.2433205070000001e-08, 9.588804190019999e-10]
[0.0, -1.134437067e-12, -1.3385834171999997e-13, 2.6470991863800002e-11, -1.1267076599999999e-10, -1.7821459458e-15, 9.913949397e-16, 2.666635631e-05, -1.9864058445e-06, -1.3676525577000001e-08, 8.717094718199999e-10]
[0.0, -1.67770637353e-12, -1.817829332e-13, 2.9412213182000004e-11, -1.1267076599999999e-10, -1.4581194101999997e-15, 9.913949397e-16, 2.666635631e-05, -1.608988734045e-06, -1.3676525577000001e-08, 8.717094718199999e-10]
[0.0, -1.2478807737e-12, -1.4873149079999998e-13, 2.673837562e-11, -1.2393784259999998e-10, -1.4581194101999997e-15, 8.9225544573e-16, 2.3999720679e-05, -1.6252411455e-06, -1.2433205070000001e-08, 1.1719649565579999e-09]
[0.0, -1.67770637353e-12, -1.4873149079999998e-13, 2.16580842522e-11, -1.2518974e-10, -1.980162162e-15, 9.913949397e-16, 2.3999720679e-05, -1.78776526005e-06, -1.2433205070000001e-08, 8.717094718199999e-10]

After CrossOver:
[0.0, -1.67770637353e-12, -1.817829332e-13, 2.6470991863800002e-11, -1.2393784259999998e-10, -1.4581194101999997e-15, 9.913949397e-16, 2.666635631e-05, -1.78776526005e-06, -1.2433205070000001e-08, 9.588804190019999e-10]
[0.0, -1.134437067e-12, -1.3385834171999997e-13, 2.6470991863800002e-11, -1.1267076599999999e-10, -1.7821459458e-15, 9.913949397e-16, 2.666635631e-05, -1.9864058445e-06, -1.3676525577000001e-08, 8.717094718199999e-10]
