Generation:  1
Intial popln: 
[0.0, -1.45799022e-12, -2.28980078e-13, 4.62010753e-11, -1.75214813e-10, -1.8366977e-15, 8.5294406e-16, 2.5236563329999998e-05, -2.04721003e-06, -1.59792834e-08, 9.98214034e-10]
[0.0, -1.45799022e-12, -2.28980078e-13, 4.1580967770000004e-11, -1.75214813e-10, -1.65302793e-15, 8.5294406e-16, 2.29423303e-05, -2.04721003e-06, -1.59792834e-08, 8.983926306e-10]
[0.0, -1.45799022e-12, -2.060820702e-13, 4.62010753e-11, -1.75214813e-10, -1.8366977e-15, 9.38238466e-16, 2.29423303e-05, -2.04721003e-06, -1.59792834e-08, 1.0980354374e-09]
[0.0, -1.45799022e-12, -2.060820702e-13, 4.1580967770000004e-11, -1.75214813e-10, -1.65302793e-15, 8.5294406e-16, 2.29423303e-05, -2.04721003e-06, -1.59792834e-08, 1.0980354374e-09]
[9.047868571652206, -0.7039817985438361, -6.010055922986139, -7.3449719431063825, 0.21865096026698475, -5.125542332115516, -9.762742548671806, -7.761328389388615, 4.898115710660118, 4.264485705542606, 6.491627549536798]
[-2.7636622476904456, -3.542076584112122, -6.260834503233088, -5.639888158222894, -3.2358846751785038, 6.062105803124481, 3.4798324874808184, 7.933330924370502, -8.212160428543482, -4.173648773452868, -2.4851290587426984]

After Selection:
[0.0, -1.45799022e-12, -2.28980078e-13, 4.62010753e-11, -1.75214813e-10, -1.8366977e-15, 8.5294406e-16, 2.5236563329999998e-05, -2.04721003e-06, -1.59792834e-08, 9.98214034e-10]
[0.0, -1.45799022e-12, -2.28980078e-13, 4.1580967770000004e-11, -1.75214813e-10, -1.65302793e-15, 8.5294406e-16, 2.29423303e-05, -2.04721003e-06, -1.59792834e-08, 8.983926306e-10]
[0.0, -1.45799022e-12, -2.060820702e-13, 4.62010753e-11, -1.75214813e-10, -1.8366977e-15, 9.38238466e-16, 2.29423303e-05, -2.04721003e-06, -1.59792834e-08, 1.0980354374e-09]

After CrossOver:
[0.0, -1.45799022e-12, -2.28980078e-13, 4.62010753e-11, -1.75214813e-10, -1.8366977e-15, 8.5294406e-16, 2.5236563329999998e-05, -2.04721003e-06, -1.59792834e-08, 9.98214034e-10]
[0.0, -1.45799022e-12, -2.28980078e-13, 4.1580967770000004e-11, -1.75214813e-10, -1.65302793e-15, 8.5294406e-16, 2.29423303e-05, -2.04721003e-06, -1.59792834e-08, 8.983926306e-10]
[0.0, -1.45799022e-12, -2.060820702e-13, 4.62010753e-11, -1.75214813e-10, -1.8366977e-15, 8.5294406e-16, 2.5236563329999998e-05, -2.04721003e-06, -1.59792834e-08, 9.98214034e-10]
[0.0, -1.45799022e-12, -2.28980078e-13, 4.62010753e-11, -1.75214813e-10, -1.8366977e-15, 8.5294406e-16, 2.29423303e-05, -2.04721003e-06, -1.59792834e-08, 8.983926306e-10]
[0.0, -1.45799022e-12, -2.28980078e-13, 4.1580967770000004e-11, -1.75214813e-10, -1.65302793e-15, 9.38238466e-16, 2.29423303e-05, -2.04721003e-06, -1.59792834e-08, 1.0980354374e-09]
[0.0, -1.45799022e-12, -2.060820702e-13, 4.62010753e-11, -1.75214813e-10, -1.8366977e-15, 8.5294406e-16, 2.5236563329999998e-05, -2.04721003e-06, -1.59792834e-08, 9.98214034e-10]

After Mutation:
[0.0, -1.45799022e-12, -2.060820702e-13, 4.1580967770000004e-11, -1.75214813e-10, -2.02036747e-15, 9.38238466e-16, 2.7760219662999997e-05, -1.8424890269999998e-06, -1.4381355060000001e-08, 9.98214034e-10]
[0.0, -1.45799022e-12, -2.28980078e-13, 4.1580967770000004e-11, -1.75214813e-10, -1.65302793e-15, 8.5294406e-16, 2.29423303e-05, -1.8424890269999998e-06, -1.59792834e-08, 8.983926306e-10]
[0.0, -1.45799022e-12, -2.060820702e-13, 4.62010753e-11, -1.75214813e-10, -1.8366977e-15, 8.5294406e-16, 2.7760219662999997e-05, -2.04721003e-06, -1.59792834e-08, 9.98214034e-10]
[0.0, -1.312191198e-12, -2.28980078e-13, 5.082118283e-11, -1.75214813e-10, -1.8366977e-15, 9.38238466e-16, 2.064809727e-05, -2.04721003e-06, -1.59792834e-08, 8.983926306e-10]
[0.0, -1.45799022e-12, -2.28980078e-13, 4.5739064547e-11, -1.75214813e-10, -1.65302793e-15, 9.38238466e-16, 2.29423303e-05, -2.04721003e-06, -1.4381355060000001e-08, 1.0980354374e-09]
[0.0, -1.45799022e-12, -1.8547386318e-13, 4.62010753e-11, -1.927362943e-10, -1.65302793e-15, 8.5294406e-16, 2.5236563329999998e-05, -2.04721003e-06, -1.59792834e-08, 9.98214034e-10]
Min of Generation: 1 :  198276938628.1858
Best vector of this gen  [ 0.00000000e+00 -1.45799022e-12 -2.28980078e-13  4.15809678e-11
 -1.75214813e-10 -1.65302793e-15  8.52944060e-16  2.29423303e-05
 -1.84248903e-06 -1.59792834e-08  8.98392631e-10]

Generation:  2
Intial popln: 
[0.0, -1.45799022e-12, -1.8547386318e-13, 4.62010753e-11, -1.927362943e-10, -1.65302793e-15, 8.5294406e-16, 2.5236563329999998e-05, -2.04721003e-06, -1.59792834e-08, 9.98214034e-10]
[0.0, -1.45799022e-12, -2.060820702e-13, 4.1580967770000004e-11, -1.75214813e-10, -2.02036747e-15, 9.38238466e-16, 2.7760219662999997e-05, -1.8424890269999998e-06, -1.4381355060000001e-08, 9.98214034e-10]
[0.0, -1.45799022e-12, -2.060820702e-13, 4.62010753e-11, -1.75214813e-10, -1.8366977e-15, 8.5294406e-16, 2.7760219662999997e-05, -2.04721003e-06, -1.59792834e-08, 9.98214034e-10]
[0.0, -1.312191198e-12, -2.28980078e-13, 5.082118283e-11, -1.75214813e-10, -1.8366977e-15, 9.38238466e-16, 2.064809727e-05, -2.04721003e-06, -1.59792834e-08, 8.983926306e-10]
[0.0, -1.45799022e-12, -2.28980078e-13, 4.5739064547e-11, -1.75214813e-10, -1.65302793e-15, 9.38238466e-16, 2.29423303e-05, -2.04721003e-06, -1.4381355060000001e-08, 1.0980354374e-09]
[0.0, -1.45799022e-12, -2.28980078e-13, 4.1580967770000004e-11, -1.75214813e-10, -1.65302793e-15, 8.5294406e-16, 2.29423303e-05, -1.8424890269999998e-06, -1.59792834e-08, 8.983926306e-10]

After Selection:
[0.0, -1.45799022e-12, -1.8547386318e-13, 4.62010753e-11, -1.927362943e-10, -1.65302793e-15, 8.5294406e-16, 2.5236563329999998e-05, -2.04721003e-06, -1.59792834e-08, 9.98214034e-10]
[0.0, -1.45799022e-12, -2.060820702e-13, 4.1580967770000004e-11, -1.75214813e-10, -2.02036747e-15, 9.38238466e-16, 2.7760219662999997e-05, -1.8424890269999998e-06, -1.4381355060000001e-08, 9.98214034e-10]
[0.0, -1.45799022e-12, -2.060820702e-13, 4.62010753e-11, -1.75214813e-10, -1.8366977e-15, 8.5294406e-16, 2.7760219662999997e-05, -2.04721003e-06, -1.59792834e-08, 9.98214034e-10]

After CrossOver:
[0.0, -1.45799022e-12, -1.8547386318e-13, 4.62010753e-11, -1.927362943e-10, -1.65302793e-15, 8.5294406e-16, 2.5236563329999998e-05, -2.04721003e-06, -1.59792834e-08, 9.98214034e-10]
[0.0, -1.45799022e-12, -2.060820702e-13, 4.1580967770000004e-11, -1.75214813e-10, -2.02036747e-15, 9.38238466e-16, 2.7760219662999997e-05, -1.8424890269999998e-06, -1.4381355060000001e-08, 9.98214034e-10]
[0.0, -1.45799022e-12, -2.060820702e-13, 4.62010753e-11, -1.75214813e-10, -1.8366977e-15, 8.5294406e-16, 2.5236563329999998e-05, -2.04721003e-06, -1.59792834e-08, 9.98214034e-10]
[0.0, -1.45799022e-12, -1.8547386318e-13, 4.62010753e-11, -1.927362943e-10, -1.65302793e-15, 9.38238466e-16, 2.7760219662999997e-05, -1.8424890269999998e-06, -1.4381355060000001e-08, 9.98214034e-10]
[0.0, -1.45799022e-12, -2.060820702e-13, 4.1580967770000004e-11, -1.75214813e-10, -2.02036747e-15, 8.5294406e-16, 2.7760219662999997e-05, -2.04721003e-06, -1.59792834e-08, 9.98214034e-10]
[0.0, -1.45799022e-12, -2.060820702e-13, 4.62010753e-11, -1.75214813e-10, -1.8366977e-15, 8.5294406e-16, 2.5236563329999998e-05, -2.04721003e-06, -1.59792834e-08, 9.98214034e-10]

After Mutation:
[0.0, -1.45799022e-12, -1.8547386318e-13, 4.62010753e-11, -1.927362943e-10, -1.65302793e-15, 8.5294406e-16, 2.2712906997e-05, -2.04721003e-06, -1.59792834e-08, 1.0980354374e-09]
[0.0, -1.45799022e-12, -2.060820702e-13, 4.1580967770000004e-11, -1.75214813e-10, -2.02036747e-15, 9.38238466e-16, 2.4984197696699997e-05, -1.8424890269999998e-06, -1.4381355060000001e-08, 1.0980354374e-09]
[0.0, -1.45799022e-12, -2.060820702e-13, 4.62010753e-11, -1.75214813e-10, -1.65302793e-15, 8.5294406e-16, 2.7760219662999997e-05, -2.04721003e-06, -1.757721174e-08, 8.983926306e-10]
[0.0, -1.603789242e-12, -1.8547386318e-13, 4.62010753e-11, -1.927362943e-10, -1.65302793e-15, 9.38238466e-16, 2.7760219662999997e-05, -1.8424890269999998e-06, -1.5819490566e-08, 9.98214034e-10]
[0.0, -1.45799022e-12, -1.8547386318e-13, 3.7422870993000005e-11, -1.75214813e-10, -2.2224042170000002e-15, 7.67649654e-16, 2.7760219662999997e-05, -2.04721003e-06, -1.59792834e-08, 9.98214034e-10]
[0.0, -1.312191198e-12, -1.8547386318e-13, 4.62010753e-11, -1.75214813e-10, -1.65302793e-15, 8.5294406e-16, 2.5236563329999998e-05, -2.251931033e-06, -1.59792834e-08, 8.983926306e-10]
Min of Generation: 2 :  2858069989029.777
Best vector of this gen  [ 0.00000000e+00 -1.45799022e-12 -1.85473863e-13  3.74228710e-11
 -1.75214813e-10 -2.22240422e-15  7.67649654e-16  2.77602197e-05
 -2.04721003e-06 -1.59792834e-08  9.98214034e-10]

Generation:  3
Intial popln: 
[0.0, -1.312191198e-12, -1.8547386318e-13, 4.62010753e-11, -1.75214813e-10, -1.65302793e-15, 8.5294406e-16, 2.5236563329999998e-05, -2.251931033e-06, -1.59792834e-08, 8.983926306e-10]
[0.0, -1.45799022e-12, -1.8547386318e-13, 4.62010753e-11, -1.927362943e-10, -1.65302793e-15, 8.5294406e-16, 2.2712906997e-05, -2.04721003e-06, -1.59792834e-08, 1.0980354374e-09]
[0.0, -1.45799022e-12, -1.8547386318e-13, 3.7422870993000005e-11, -1.75214813e-10, -2.2224042170000002e-15, 7.67649654e-16, 2.7760219662999997e-05, -2.04721003e-06, -1.59792834e-08, 9.98214034e-10]
[0.0, -1.603789242e-12, -1.8547386318e-13, 4.62010753e-11, -1.927362943e-10, -1.65302793e-15, 9.38238466e-16, 2.7760219662999997e-05, -1.8424890269999998e-06, -1.5819490566e-08, 9.98214034e-10]
[0.0, -1.45799022e-12, -2.060820702e-13, 4.1580967770000004e-11, -1.75214813e-10, -2.02036747e-15, 9.38238466e-16, 2.4984197696699997e-05, -1.8424890269999998e-06, -1.4381355060000001e-08, 1.0980354374e-09]
[0.0, -1.45799022e-12, -2.060820702e-13, 4.62010753e-11, -1.75214813e-10, -1.65302793e-15, 8.5294406e-16, 2.7760219662999997e-05, -2.04721003e-06, -1.757721174e-08, 8.983926306e-10]

After Selection:
[0.0, -1.312191198e-12, -1.8547386318e-13, 4.62010753e-11, -1.75214813e-10, -1.65302793e-15, 8.5294406e-16, 2.5236563329999998e-05, -2.251931033e-06, -1.59792834e-08, 8.983926306e-10]
[0.0, -1.45799022e-12, -1.8547386318e-13, 4.62010753e-11, -1.927362943e-10, -1.65302793e-15, 8.5294406e-16, 2.2712906997e-05, -2.04721003e-06, -1.59792834e-08, 1.0980354374e-09]
[0.0, -1.45799022e-12, -1.8547386318e-13, 3.7422870993000005e-11, -1.75214813e-10, -2.2224042170000002e-15, 7.67649654e-16, 2.7760219662999997e-05, -2.04721003e-06, -1.59792834e-08, 9.98214034e-10]

After CrossOver:
[0.0, -1.312191198e-12, -1.8547386318e-13, 4.62010753e-11, -1.75214813e-10, -1.65302793e-15, 8.5294406e-16, 2.5236563329999998e-05, -2.251931033e-06, -1.59792834e-08, 8.983926306e-10]
[0.0, -1.45799022e-12, -1.8547386318e-13, 4.62010753e-11, -1.927362943e-10, -1.65302793e-15, 8.5294406e-16, 2.2712906997e-05, -2.04721003e-06, -1.59792834e-08, 1.0980354374e-09]
[0.0, -1.45799022e-12, -1.8547386318e-13, 3.7422870993000005e-11, -1.75214813e-10, -2.2224042170000002e-15, 8.5294406e-16, 2.5236563329999998e-05, -2.251931033e-06, -1.59792834e-08, 8.983926306e-10]
[0.0, -1.312191198e-12, -1.8547386318e-13, 4.62010753e-11, -1.75214813e-10, -1.65302793e-15, 8.5294406e-16, 2.2712906997e-05, -2.04721003e-06, -1.59792834e-08, 1.0980354374e-09]
[0.0, -1.45799022e-12, -1.8547386318e-13, 4.62010753e-11, -1.927362943e-10, -1.65302793e-15, 7.67649654e-16, 2.7760219662999997e-05, -2.04721003e-06, -1.59792834e-08, 9.98214034e-10]
[0.0, -1.45799022e-12, -1.8547386318e-13, 3.7422870993000005e-11, -1.75214813e-10, -2.2224042170000002e-15, 8.5294406e-16, 2.5236563329999998e-05, -2.251931033e-06, -1.59792834e-08, 8.983926306e-10]

After Mutation:
[0.0, -1.312191198e-12, -1.8547386318e-13, 4.62010753e-11, -1.75214813e-10, -1.65302793e-15, 8.5294406e-16, 2.5236563329999998e-05, -2.0267379296999997e-06, -1.59792834e-08, 9.8823189366e-10]
[0.0, -1.45799022e-12, -1.8547386318e-13, 4.62010753e-11, -1.927362943e-10, -1.8183307229999997e-15, 8.5294406e-16, 2.4984197696699997e-05, -2.04721003e-06, -1.4381355060000001e-08, 1.0980354374e-09]
[0.0, -1.312191198e-12, -1.8547386318e-13, 3.7422870993000005e-11, -1.927362943e-10, -2.2224042170000002e-15, 7.67649654e-16, 2.7760219662999997e-05, -2.251931033e-06, -1.4381355060000001e-08, 8.983926306e-10]
[0.0, -1.312191198e-12, -1.8547386318e-13, 4.62010753e-11, -1.75214813e-10, -1.65302793e-15, 9.38238466e-16, 2.2712906997e-05, -2.251931033e-06, -1.4381355060000001e-08, 1.0980354374e-09]
[0.0, -1.312191198e-12, -1.8547386318e-13, 4.62010753e-11, -1.927362943e-10, -1.487725137e-15, 6.908846886e-16, 2.4984197696699997e-05, -2.04721003e-06, -1.59792834e-08, 8.983926306e-10]
[0.0, -1.603789242e-12, -1.8547386318e-13, 3.7422870993000005e-11, -1.5769333169999998e-10, -2.2224042170000002e-15, 8.5294406e-16, 2.5236563329999998e-05, -2.4771241363e-06, -1.4381355060000001e-08, 8.983926306e-10]
Min of Generation: 3 :  1603416051325.7935
Best vector of this gen  [ 0.00000000e+00 -1.31219120e-12 -1.85473863e-13  4.62010753e-11
 -1.75214813e-10 -1.65302793e-15  8.52944060e-16  2.52365633e-05
 -2.02673793e-06 -1.59792834e-08  9.88231894e-10]

Generation:  4
Intial popln: 
[0.0, -1.312191198e-12, -1.8547386318e-13, 4.62010753e-11, -1.75214813e-10, -1.65302793e-15, 8.5294406e-16, 2.5236563329999998e-05, -2.0267379296999997e-06, -1.59792834e-08, 9.8823189366e-10]
[0.0, -1.312191198e-12, -1.8547386318e-13, 3.7422870993000005e-11, -1.927362943e-10, -2.2224042170000002e-15, 7.67649654e-16, 2.7760219662999997e-05, -2.251931033e-06, -1.4381355060000001e-08, 8.983926306e-10]
[0.0, -1.45799022e-12, -1.8547386318e-13, 4.62010753e-11, -1.927362943e-10, -1.8183307229999997e-15, 8.5294406e-16, 2.4984197696699997e-05, -2.04721003e-06, -1.4381355060000001e-08, 1.0980354374e-09]
[0.0, -1.312191198e-12, -1.8547386318e-13, 4.62010753e-11, -1.927362943e-10, -1.487725137e-15, 6.908846886e-16, 2.4984197696699997e-05, -2.04721003e-06, -1.59792834e-08, 8.983926306e-10]
[0.0, -1.312191198e-12, -1.8547386318e-13, 4.62010753e-11, -1.75214813e-10, -1.65302793e-15, 9.38238466e-16, 2.2712906997e-05, -2.251931033e-06, -1.4381355060000001e-08, 1.0980354374e-09]
[0.0, -1.603789242e-12, -1.8547386318e-13, 3.7422870993000005e-11, -1.5769333169999998e-10, -2.2224042170000002e-15, 8.5294406e-16, 2.5236563329999998e-05, -2.4771241363e-06, -1.4381355060000001e-08, 8.983926306e-10]

After Selection:
[0.0, -1.312191198e-12, -1.8547386318e-13, 4.62010753e-11, -1.75214813e-10, -1.65302793e-15, 8.5294406e-16, 2.5236563329999998e-05, -2.0267379296999997e-06, -1.59792834e-08, 9.8823189366e-10]
[0.0, -1.312191198e-12, -1.8547386318e-13, 3.7422870993000005e-11, -1.927362943e-10, -2.2224042170000002e-15, 7.67649654e-16, 2.7760219662999997e-05, -2.251931033e-06, -1.4381355060000001e-08, 8.983926306e-10]
[0.0, -1.45799022e-12, -1.8547386318e-13, 4.62010753e-11, -1.927362943e-10, -1.8183307229999997e-15, 8.5294406e-16, 2.4984197696699997e-05, -2.04721003e-06, -1.4381355060000001e-08, 1.0980354374e-09]

After CrossOver:
[0.0, -1.312191198e-12, -1.8547386318e-13, 4.62010753e-11, -1.75214813e-10, -1.65302793e-15, 8.5294406e-16, 2.5236563329999998e-05, -2.0267379296999997e-06, -1.59792834e-08, 9.8823189366e-10]
[0.0, -1.312191198e-12, -1.8547386318e-13, 3.7422870993000005e-11, -1.927362943e-10, -2.2224042170000002e-15, 7.67649654e-16, 2.7760219662999997e-05, -2.251931033e-06, -1.4381355060000001e-08, 8.983926306e-10]
[0.0, -1.45799022e-12, -1.8547386318e-13, 4.62010753e-11, -1.927362943e-10, -1.8183307229999997e-15, 8.5294406e-16, 2.5236563329999998e-05, -2.0267379296999997e-06, -1.59792834e-08, 9.8823189366e-10]
[0.0, -1.312191198e-12, -1.8547386318e-13, 4.62010753e-11, -1.75214813e-10, -1.65302793e-15, 7.67649654e-16, 2.7760219662999997e-05, -2.251931033e-06, -1.4381355060000001e-08, 8.983926306e-10]
[0.0, -1.312191198e-12, -1.8547386318e-13, 3.7422870993000005e-11, -1.927362943e-10, -2.2224042170000002e-15, 8.5294406e-16, 2.4984197696699997e-05, -2.04721003e-06, -1.4381355060000001e-08, 1.0980354374e-09]
[0.0, -1.45799022e-12, -1.8547386318e-13, 4.62010753e-11, -1.927362943e-10, -1.8183307229999997e-15, 8.5294406e-16, 2.5236563329999998e-05, -2.0267379296999997e-06, -1.59792834e-08, 9.8823189366e-10]

After Mutation:
[0.0, -1.312191198e-12, -1.6692647686199998e-13, 4.1580967770000004e-11, -1.75214813e-10, -1.65302793e-15, 7.67649654e-16, 2.2712906997e-05, -2.0267379296999997e-06, -1.4381355060000001e-08, 9.8823189366e-10]
[0.0, -1.312191198e-12, -1.8547386318e-13, 3.7422870993000005e-11, -1.7346266487e-10, -2.2224042170000002e-15, 7.67649654e-16, 2.7760219662999997e-05, -2.251931033e-06, -1.4381355060000001e-08, 9.8823189366e-10]
[0.0, -1.45799022e-12, -1.6692647686199998e-13, 4.62010753e-11, -1.927362943e-10, -1.6364976506999998e-15, 9.38238466e-16, 2.7760219662999997e-05, -1.8240641367299996e-06, -1.59792834e-08, 9.8823189366e-10]
[0.0, -1.4434103178e-12, -1.6692647686199998e-13, 4.62010753e-11, -1.75214813e-10, -1.487725137e-15, 8.444146194e-16, 3.05362416293e-05, -2.251931033e-06, -1.4381355060000001e-08, 8.0855336754e-10]
[0.0, -1.312191198e-12, -1.8547386318e-13, 3.7422870993000005e-11, -1.927362943e-10, -2.2224042170000002e-15, 7.67649654e-16, 2.4984197696699997e-05, -2.04721003e-06, -1.2943219554e-08, 1.0980354374e-09]
[0.0, -1.45799022e-12, -1.6692647686199998e-13, 4.62010753e-11, -1.927362943e-10, -1.8183307229999997e-15, 8.5294406e-16, 2.7760219662999997e-05, -2.0267379296999997e-06, -1.59792834e-08, 9.8823189366e-10]
Min of Generation: 4 :  1098480094217.5303
Best vector of this gen  [ 0.00000000e+00 -1.31219120e-12 -1.85473863e-13  3.74228710e-11
 -1.73462665e-10 -2.22240422e-15  7.67649654e-16  2.77602197e-05
 -2.25193103e-06 -1.43813551e-08  9.88231894e-10]

Generation:  1
Intial popln: 
[0.0, -1.312191198e-12, -2.060820702e-13, 4.62010753e-11, -1.75214813e-10, -1.8366977e-15, 8.5294406e-16, 2.064809727e-05, -2.04721003e-06, -1.59792834e-08, 9.98214034e-10]
[0.0, -1.45799022e-12, -2.060820702e-13, 4.62010753e-11, -1.75214813e-10, -2.02036747e-15, 7.67649654e-16, 2.064809727e-05, -2.04721003e-06, -1.59792834e-08, 9.98214034e-10]
[0.0, -1.603789242e-12, -2.060820702e-13, 4.62010753e-11, -1.75214813e-10, -2.02036747e-15, 8.5294406e-16, 2.29423303e-05, -2.251931033e-06, -1.59792834e-08, 9.98214034e-10]
[0.0, -1.603789242e-12, -2.28980078e-13, 4.62010753e-11, -1.5769333169999998e-10, -1.8366977e-15, 8.5294406e-16, 2.29423303e-05, -2.251931033e-06, -1.757721174e-08, 9.98214034e-10]
[0.0, -1.45799022e-12, -2.28980078e-13, 4.62010753e-11, -1.75214813e-10, -1.8366977e-15, 9.38238466e-16, 2.5236563329999998e-05, -1.8424890269999998e-06, -1.59792834e-08, 9.98214034e-10]
[0.0, -1.45799022e-12, -2.28980078e-13, 4.1580967770000004e-11, -1.75214813e-10, -1.65302793e-15, 8.5294406e-16, 2.29423303e-05, -2.04721003e-06, -1.757721174e-08, 8.983926306e-10]

After Selection:
[0.0, -1.312191198e-12, -2.060820702e-13, 4.62010753e-11, -1.75214813e-10, -1.8366977e-15, 8.5294406e-16, 2.064809727e-05, -2.04721003e-06, -1.59792834e-08, 9.98214034e-10]
[0.0, -1.45799022e-12, -2.060820702e-13, 4.62010753e-11, -1.75214813e-10, -2.02036747e-15, 7.67649654e-16, 2.064809727e-05, -2.04721003e-06, -1.59792834e-08, 9.98214034e-10]
[0.0, -1.603789242e-12, -2.060820702e-13, 4.62010753e-11, -1.75214813e-10, -2.02036747e-15, 8.5294406e-16, 2.29423303e-05, -2.251931033e-06, -1.59792834e-08, 9.98214034e-10]

After CrossOver:
[0.0, -1.312191198e-12, -2.060820702e-13, 4.62010753e-11, -1.75214813e-10, -1.8366977e-15, 8.5294406e-16, 2.064809727e-05, -2.04721003e-06, -1.59792834e-08, 9.98214034e-10]
[0.0, -1.45799022e-12, -2.060820702e-13, 4.62010753e-11, -1.75214813e-10, -2.02036747e-15, 7.67649654e-16, 2.064809727e-05, -2.04721003e-06, -1.59792834e-08, 9.98214034e-10]
[0.0, -1.603789242e-12, -2.060820702e-13, 4.62010753e-11, -1.75214813e-10, -2.02036747e-15, 8.5294406e-16, 2.064809727e-05, -2.04721003e-06, -1.59792834e-08, 9.98214034e-10]
[0.0, -1.312191198e-12, -2.060820702e-13, 4.62010753e-11, -1.75214813e-10, -1.8366977e-15, 7.67649654e-16, 2.064809727e-05, -2.04721003e-06, -1.59792834e-08, 9.98214034e-10]
[0.0, -1.45799022e-12, -2.060820702e-13, 4.62010753e-11, -1.75214813e-10, -2.02036747e-15, 8.5294406e-16, 2.29423303e-05, -2.251931033e-06, -1.59792834e-08, 9.98214034e-10]
[0.0, -1.603789242e-12, -2.060820702e-13, 4.62010753e-11, -1.75214813e-10, -2.02036747e-15, 8.5294406e-16, 2.064809727e-05, -2.04721003e-06, -1.59792834e-08, 9.98214034e-10]

After Mutation:
[0.0, -1.312191198e-12, -2.2669027722000001e-13, 4.62010753e-11, -1.75214813e-10, -1.8366977e-15, 8.5294406e-16, 1.8583287543e-05, -2.04721003e-06, -1.59792834e-08, 9.98214034e-10]
[0.0, -1.45799022e-12, -1.8547386318e-13, 4.62010753e-11, -1.75214813e-10, -2.02036747e-15, 7.67649654e-16, 2.064809727e-05, -2.04721003e-06, -1.59792834e-08, 1.0980354374e-09]
[0.0, -1.603789242e-12, -2.060820702e-13, 5.082118283e-11, -1.927362943e-10, -2.02036747e-15, 9.38238466e-16, 2.064809727e-05, -2.04721003e-06, -1.59792834e-08, 9.98214034e-10]
[0.0, -1.312191198e-12, -2.2669027722000001e-13, 4.62010753e-11, -1.75214813e-10, -2.02036747e-15, 7.67649654e-16, 2.064809727e-05, -2.04721003e-06, -1.59792834e-08, 9.98214034e-10]
[0.0, -1.45799022e-12, -2.060820702e-13, 4.62010753e-11, -1.927362943e-10, -2.02036747e-15, 8.5294406e-16, 2.5236563329999998e-05, -2.251931033e-06, -1.59792834e-08, 9.98214034e-10]
[0.0, -1.7641681662e-12, -2.060820702e-13, 4.62010753e-11, -1.5769333169999998e-10, -2.02036747e-15, 8.5294406e-16, 2.064809727e-05, -1.8424890269999998e-06, -1.59792834e-08, 9.98214034e-10]
Min of Generation: 1 :  603241171207.7455
Best vector of this gen  [ 0.00000000e+00 -1.31219120e-12 -2.26690277e-13  4.62010753e-11
 -1.75214813e-10 -2.02036747e-15  7.67649654e-16  2.06480973e-05
 -2.04721003e-06 -1.59792834e-08  9.98214034e-10]

Generation:  1
Intial popln: 
[0.0, -1.45799022e-12, -2.518780858e-13, 4.1580967770000004e-11, -1.75214813e-10, -2.02036747e-15, 8.5294406e-16, 2.29423303e-05, -2.04721003e-06, -1.59792834e-08, 9.98214034e-10]
[0.0, -1.312191198e-12, -2.28980078e-13, 4.1580967770000004e-11, -1.75214813e-10, -1.8366977e-15, 8.5294406e-16, 2.29423303e-05, -2.04721003e-06, -1.59792834e-08, 9.98214034e-10]
[0.0, -1.45799022e-12, -2.28980078e-13, 4.1580967770000004e-11, -1.75214813e-10, -1.8366977e-15, 8.5294406e-16, 2.29423303e-05, -2.04721003e-06, -1.59792834e-08, 9.98214034e-10]
[0.0, -1.603789242e-12, -2.060820702e-13, 5.082118283e-11, -1.75214813e-10, -1.8366977e-15, 8.5294406e-16, 2.29423303e-05, -2.04721003e-06, -1.59792834e-08, 9.98214034e-10]
[0.0, -1.603789242e-12, -2.060820702e-13, 4.1580967770000004e-11, -1.75214813e-10, -2.02036747e-15, 8.5294406e-16, 2.29423303e-05, -2.04721003e-06, -1.757721174e-08, 9.98214034e-10]
[0.0, -1.312191198e-12, -2.28980078e-13, 4.62010753e-11, -1.75214813e-10, -1.8366977e-15, 8.5294406e-16, 2.064809727e-05, -2.04721003e-06, -1.757721174e-08, 9.98214034e-10]
[0.0, -1.603789242e-12, -2.060820702e-13, 5.082118283e-11, -1.927362943e-10, -1.8366977e-15, 8.5294406e-16, 2.29423303e-05, -2.04721003e-06, -1.59792834e-08, 8.983926306e-10]
[0.0, -1.45799022e-12, -2.28980078e-13, 4.62010753e-11, -1.5769333169999998e-10, -1.8366977e-15, 8.5294406e-16, 2.064809727e-05, -2.251931033e-06, -1.59792834e-08, 9.98214034e-10]
[-9.430055577808005, 0.28903125958280035, -6.6332298885559515, -9.240390768119578, 1.6601059032592769, -0.86942928916101, 1.7871926775671554, 2.484479991677983, -5.145763164455978, -0.22306433149027072, 5.628046802611486]
[-9.906674437071509, -7.867149128221361, 2.7434837847805404, 7.572398763108485, -2.429719798462717, 5.018255124110851, -3.828225369675735, 2.061830187388873, -3.264931364571434, 4.851397711509701, 0.5636499170522686]

After Selection:
[0.0, -1.45799022e-12, -2.518780858e-13, 4.1580967770000004e-11, -1.75214813e-10, -2.02036747e-15, 8.5294406e-16, 2.29423303e-05, -2.04721003e-06, -1.59792834e-08, 9.98214034e-10]
[0.0, -1.312191198e-12, -2.28980078e-13, 4.1580967770000004e-11, -1.75214813e-10, -1.8366977e-15, 8.5294406e-16, 2.29423303e-05, -2.04721003e-06, -1.59792834e-08, 9.98214034e-10]
[0.0, -1.45799022e-12, -2.28980078e-13, 4.1580967770000004e-11, -1.75214813e-10, -1.8366977e-15, 8.5294406e-16, 2.29423303e-05, -2.04721003e-06, -1.59792834e-08, 9.98214034e-10]
[0.0, -1.603789242e-12, -2.060820702e-13, 5.082118283e-11, -1.75214813e-10, -1.8366977e-15, 8.5294406e-16, 2.29423303e-05, -2.04721003e-06, -1.59792834e-08, 9.98214034e-10]
[0.0, -1.603789242e-12, -2.060820702e-13, 4.1580967770000004e-11, -1.75214813e-10, -2.02036747e-15, 8.5294406e-16, 2.29423303e-05, -2.04721003e-06, -1.757721174e-08, 9.98214034e-10]

After CrossOver:
[0.0, -1.45799022e-12, -2.518780858e-13, 4.1580967770000004e-11, -1.75214813e-10, -2.02036747e-15, 8.5294406e-16, 2.29423303e-05, -2.04721003e-06, -1.59792834e-08, 9.98214034e-10]
[0.0, -1.312191198e-12, -2.28980078e-13, 4.1580967770000004e-11, -1.75214813e-10, -1.8366977e-15, 8.5294406e-16, 2.29423303e-05, -2.04721003e-06, -1.59792834e-08, 9.98214034e-10]
[0.0, -1.45799022e-12, -2.28980078e-13, 4.1580967770000004e-11, -1.75214813e-10, -1.8366977e-15, 8.5294406e-16, 2.29423303e-05, -2.04721003e-06, -1.59792834e-08, 9.98214034e-10]
[0.0, -1.603789242e-12, -2.060820702e-13, 5.082118283e-11, -1.75214813e-10, -1.8366977e-15, 8.5294406e-16, 2.29423303e-05, -2.04721003e-06, -1.757721174e-08, 9.98214034e-10]
[0.0, -1.603789242e-12, -2.060820702e-13, 4.1580967770000004e-11, -1.75214813e-10, -2.02036747e-15, 8.5294406e-16, 2.29423303e-05, -2.04721003e-06, -1.59792834e-08, 9.98214034e-10]
[0.0, -1.45799022e-12, -2.518780858e-13, 4.1580967770000004e-11, -1.75214813e-10, -2.02036747e-15, 8.5294406e-16, 2.29423303e-05, -2.04721003e-06, -1.59792834e-08, 9.98214034e-10]
[0.0, -1.312191198e-12, -2.28980078e-13, 4.1580967770000004e-11, -1.75214813e-10, -1.8366977e-15, 8.5294406e-16, 2.29423303e-05, -2.04721003e-06, -1.59792834e-08, 9.98214034e-10]
[0.0, -1.45799022e-12, -2.28980078e-13, 4.1580967770000004e-11, -1.75214813e-10, -1.8366977e-15, 8.5294406e-16, 2.29423303e-05, -2.04721003e-06, -1.59792834e-08, 9.98214034e-10]
[0.0, -1.603789242e-12, -2.060820702e-13, 5.082118283e-11, -1.75214813e-10, -1.8366977e-15, 8.5294406e-16, 2.29423303e-05, -2.04721003e-06, -1.757721174e-08, 9.98214034e-10]
[0.0, -1.603789242e-12, -2.060820702e-13, 4.1580967770000004e-11, -1.75214813e-10, -2.02036747e-15, 8.5294406e-16, 2.29423303e-05, -2.04721003e-06, -1.59792834e-08, 9.98214034e-10]

After Mutation:
[0.0, -1.603789242e-12, -2.518780858e-13, 4.1580967770000004e-11, -1.75214813e-10, -2.02036747e-15, 8.5294406e-16, 2.29423303e-05, -2.04721003e-06, -1.757721174e-08, 9.98214034e-10]
[0.0, -1.312191198e-12, -2.28980078e-13, 4.1580967770000004e-11, -1.927362943e-10, -1.8366977e-15, 8.5294406e-16, 2.5236563329999998e-05, -2.251931033e-06, -1.59792834e-08, 9.98214034e-10]
[0.0, -1.45799022e-12, -2.28980078e-13, 4.5739064547e-11, -1.75214813e-10, -1.8366977e-15, 7.67649654e-16, 2.5236563329999998e-05, -2.04721003e-06, -1.4381355060000001e-08, 9.98214034e-10]
[0.0, -1.603789242e-12, -2.060820702e-13, 5.082118283e-11, -1.927362943e-10, -1.65302793e-15, 9.38238466e-16, 2.064809727e-05, -2.04721003e-06, -1.757721174e-08, 9.98214034e-10]
[0.0, -1.603789242e-12, -2.060820702e-13, 4.1580967770000004e-11, -1.5769333169999998e-10, -2.02036747e-15, 8.5294406e-16, 2.29423303e-05, -2.04721003e-06, -1.59792834e-08, 1.0980354374e-09]
[0.0, -1.603789242e-12, -2.518780858e-13, 4.1580967770000004e-11, -1.75214813e-10, -2.02036747e-15, 7.67649654e-16, 2.29423303e-05, -2.04721003e-06, -1.59792834e-08, 9.98214034e-10]
[0.0, -1.1809720782e-12, -2.28980078e-13, 4.5739064547e-11, -1.75214813e-10, -1.8366977e-15, 9.38238466e-16, 2.064809727e-05, -2.04721003e-06, -1.59792834e-08, 9.98214034e-10]
[0.0, -1.45799022e-12, -2.28980078e-13, 4.1580967770000004e-11, -1.75214813e-10, -1.8366977e-15, 7.67649654e-16, 2.29423303e-05, -2.04721003e-06, -1.59792834e-08, 9.98214034e-10]
[0.0, -1.603789242e-12, -1.8547386318e-13, 5.082118283e-11, -1.75214813e-10, -1.8366977e-15, 8.5294406e-16, 2.5236563329999998e-05, -1.8424890269999998e-06, -1.757721174e-08, 9.98214034e-10]
[0.0, -1.603789242e-12, -2.060820702e-13, 4.5739064547e-11, -1.75214813e-10, -1.818330723e-15, 8.5294406e-16, 2.29423303e-05, -2.04721003e-06, -1.757721174e-08, 9.98214034e-10]
Min of Generation: 1 :  316078600169.8626
Best vector of this gen  [ 0.00000000e+00 -1.60378924e-12 -2.51878086e-13  4.15809678e-11
 -1.75214813e-10 -2.02036747e-15  7.67649654e-16  2.29423303e-05
 -2.04721003e-06 -1.59792834e-08  9.98214034e-10]

Generation:  2
Intial popln: 
[0.0, -1.603789242e-12, -2.060820702e-13, 5.082118283e-11, -1.927362943e-10, -1.65302793e-15, 9.38238466e-16, 2.064809727e-05, -2.04721003e-06, -1.757721174e-08, 9.98214034e-10]
[0.0, -1.45799022e-12, -2.28980078e-13, 4.5739064547e-11, -1.75214813e-10, -1.8366977e-15, 7.67649654e-16, 2.5236563329999998e-05, -2.04721003e-06, -1.4381355060000001e-08, 9.98214034e-10]
[0.0, -1.312191198e-12, -2.28980078e-13, 4.1580967770000004e-11, -1.927362943e-10, -1.8366977e-15, 8.5294406e-16, 2.5236563329999998e-05, -2.251931033e-06, -1.59792834e-08, 9.98214034e-10]
[0.0, -1.603789242e-12, -2.060820702e-13, 4.1580967770000004e-11, -1.5769333169999998e-10, -2.02036747e-15, 8.5294406e-16, 2.29423303e-05, -2.04721003e-06, -1.59792834e-08, 1.0980354374e-09]
[0.0, -1.603789242e-12, -2.518780858e-13, 4.1580967770000004e-11, -1.75214813e-10, -2.02036747e-15, 7.67649654e-16, 2.29423303e-05, -2.04721003e-06, -1.59792834e-08, 9.98214034e-10]
[0.0, -1.603789242e-12, -2.060820702e-13, 4.5739064547e-11, -1.75214813e-10, -1.818330723e-15, 8.5294406e-16, 2.29423303e-05, -2.04721003e-06, -1.757721174e-08, 9.98214034e-10]
[0.0, -1.45799022e-12, -2.28980078e-13, 4.1580967770000004e-11, -1.75214813e-10, -1.8366977e-15, 7.67649654e-16, 2.29423303e-05, -2.04721003e-06, -1.59792834e-08, 9.98214034e-10]
[0.0, -1.1809720782e-12, -2.28980078e-13, 4.5739064547e-11, -1.75214813e-10, -1.8366977e-15, 9.38238466e-16, 2.064809727e-05, -2.04721003e-06, -1.59792834e-08, 9.98214034e-10]
[0.0, -1.603789242e-12, -1.8547386318e-13, 5.082118283e-11, -1.75214813e-10, -1.8366977e-15, 8.5294406e-16, 2.5236563329999998e-05, -1.8424890269999998e-06, -1.757721174e-08, 9.98214034e-10]
[0.0, -1.603789242e-12, -2.518780858e-13, 4.1580967770000004e-11, -1.75214813e-10, -2.02036747e-15, 8.5294406e-16, 2.29423303e-05, -2.04721003e-06, -1.757721174e-08, 9.98214034e-10]

After Selection:
[0.0, -1.603789242e-12, -2.060820702e-13, 5.082118283e-11, -1.927362943e-10, -1.65302793e-15, 9.38238466e-16, 2.064809727e-05, -2.04721003e-06, -1.757721174e-08, 9.98214034e-10]
[0.0, -1.45799022e-12, -2.28980078e-13, 4.5739064547e-11, -1.75214813e-10, -1.8366977e-15, 7.67649654e-16, 2.5236563329999998e-05, -2.04721003e-06, -1.4381355060000001e-08, 9.98214034e-10]
[0.0, -1.312191198e-12, -2.28980078e-13, 4.1580967770000004e-11, -1.927362943e-10, -1.8366977e-15, 8.5294406e-16, 2.5236563329999998e-05, -2.251931033e-06, -1.59792834e-08, 9.98214034e-10]
[0.0, -1.603789242e-12, -2.060820702e-13, 4.1580967770000004e-11, -1.5769333169999998e-10, -2.02036747e-15, 8.5294406e-16, 2.29423303e-05, -2.04721003e-06, -1.59792834e-08, 1.0980354374e-09]
[0.0, -1.603789242e-12, -2.518780858e-13, 4.1580967770000004e-11, -1.75214813e-10, -2.02036747e-15, 7.67649654e-16, 2.29423303e-05, -2.04721003e-06, -1.59792834e-08, 9.98214034e-10]

After CrossOver:
[0.0, -1.603789242e-12, -2.060820702e-13, 5.082118283e-11, -1.927362943e-10, -1.65302793e-15, 9.38238466e-16, 2.064809727e-05, -2.04721003e-06, -1.757721174e-08, 9.98214034e-10]
[0.0, -1.45799022e-12, -2.28980078e-13, 4.5739064547e-11, -1.75214813e-10, -1.8366977e-15, 7.67649654e-16, 2.5236563329999998e-05, -2.04721003e-06, -1.4381355060000001e-08, 9.98214034e-10]
[0.0, -1.312191198e-12, -2.28980078e-13, 4.1580967770000004e-11, -1.927362943e-10, -1.8366977e-15, 8.5294406e-16, 2.29423303e-05, -2.04721003e-06, -1.59792834e-08, 1.0980354374e-09]
[0.0, -1.603789242e-12, -2.060820702e-13, 4.1580967770000004e-11, -1.5769333169999998e-10, -2.02036747e-15, 7.67649654e-16, 2.29423303e-05, -2.04721003e-06, -1.59792834e-08, 9.98214034e-10]
[0.0, -1.603789242e-12, -2.518780858e-13, 4.1580967770000004e-11, -1.75214813e-10, -2.02036747e-15, 9.38238466e-16, 2.064809727e-05, -2.04721003e-06, -1.757721174e-08, 9.98214034e-10]
[0.0, -1.603789242e-12, -2.060820702e-13, 5.082118283e-11, -1.927362943e-10, -1.65302793e-15, 7.67649654e-16, 2.5236563329999998e-05, -2.04721003e-06, -1.4381355060000001e-08, 9.98214034e-10]
[0.0, -1.45799022e-12, -2.28980078e-13, 4.5739064547e-11, -1.75214813e-10, -1.8366977e-15, 8.5294406e-16, 2.5236563329999998e-05, -2.251931033e-06, -1.59792834e-08, 9.98214034e-10]
[0.0, -1.312191198e-12, -2.28980078e-13, 4.1580967770000004e-11, -1.927362943e-10, -1.8366977e-15, 8.5294406e-16, 2.29423303e-05, -2.04721003e-06, -1.59792834e-08, 1.0980354374e-09]
[0.0, -1.603789242e-12, -2.060820702e-13, 4.1580967770000004e-11, -1.5769333169999998e-10, -2.02036747e-15, 7.67649654e-16, 2.29423303e-05, -2.04721003e-06, -1.59792834e-08, 9.98214034e-10]
[0.0, -1.603789242e-12, -2.518780858e-13, 4.1580967770000004e-11, -1.75214813e-10, -2.02036747e-15, 9.38238466e-16, 2.064809727e-05, -2.04721003e-06, -1.757721174e-08, 9.98214034e-10]

After Mutation:
[0.0, -1.4434103178e-12, -2.060820702e-13, 5.082118283e-11, -1.927362943e-10, -1.487725137e-15, 9.38238466e-16, 2.064809727e-05, -2.04721003e-06, -1.5819490566e-08, 9.98214034e-10]
[0.0, -1.45799022e-12, -2.28980078e-13, 5.0312971001700006e-11, -1.927362943e-10, -1.8366977e-15, 7.67649654e-16, 2.5236563329999998e-05, -2.04721003e-06, -1.4381355060000001e-08, 8.983926306e-10]
[0.0, -1.1809720782e-12, -2.28980078e-13, 4.1580967770000004e-11, -1.927362943e-10, -1.8366977e-15, 8.5294406e-16, 2.064809727e-05, -2.04721003e-06, -1.59792834e-08, 1.0980354374e-09]
[0.0, -1.603789242e-12, -1.8547386318e-13, 4.5739064547e-11, -1.5769333169999998e-10, -1.818330723e-15, 8.444146194e-16, 2.29423303e-05, -2.04721003e-06, -1.4381355060000001e-08, 9.98214034e-10]
[0.0, -1.7641681662e-12, -2.518780858e-13, 4.5739064547e-11, -1.75214813e-10, -2.02036747e-15, 8.444146194e-16, 2.064809727e-05, -2.04721003e-06, -1.757721174e-08, 9.98214034e-10]
[0.0, -1.603789242e-12, -2.060820702e-13, 5.082118283e-11, -2.1200992372999998e-10, -1.65302793e-15, 7.67649654e-16, 2.5236563329999998e-05, -2.04721003e-06, -1.4381355060000001e-08, 1.0980354374e-09]
[0.0, -1.312191198e-12, -2.28980078e-13, 4.5739064547e-11, -1.927362943e-10, -1.8366977e-15, 8.5294406e-16, 2.2712906997e-05, -2.251931033e-06, -1.59792834e-08, 1.0980354374e-09]
[0.0, -1.4434103178e-12, -2.28980078e-13, 4.1580967770000004e-11, -1.7346266487e-10, -1.8366977e-15, 7.67649654e-16, 2.29423303e-05, -2.251931033e-06, -1.59792834e-08, 1.2078389811399999e-09]
[0.0, -1.7641681662e-12, -1.8547386318e-13, 4.1580967770000004e-11, -1.5769333169999998e-10, -2.2224042170000002e-15, 7.67649654e-16, 2.29423303e-05, -2.04721003e-06, -1.59792834e-08, 9.98214034e-10]
[0.0, -1.603789242e-12, -2.518780858e-13, 3.7422870993000005e-11, -1.5769333169999998e-10, -2.02036747e-15, 8.444146194e-16, 2.064809727e-05, -2.04721003e-06, -1.5819490566e-08, 1.0980354374e-09]
Min of Generation: 2 :  301419074794.49854
Best vector of this gen  [ 0.00000000e+00 -1.76416817e-12 -1.85473863e-13  4.15809678e-11
 -1.57693332e-10 -2.22240422e-15  7.67649654e-16  2.29423303e-05
 -2.04721003e-06 -1.59792834e-08  9.98214034e-10]

Generation:  3
Intial popln: 
[0.0, -1.4434103178e-12, -2.28980078e-13, 4.1580967770000004e-11, -1.7346266487e-10, -1.8366977e-15, 7.67649654e-16, 2.29423303e-05, -2.251931033e-06, -1.59792834e-08, 1.2078389811399999e-09]
[0.0, -1.7641681662e-12, -1.8547386318e-13, 4.1580967770000004e-11, -1.5769333169999998e-10, -2.2224042170000002e-15, 7.67649654e-16, 2.29423303e-05, -2.04721003e-06, -1.59792834e-08, 9.98214034e-10]
[0.0, -1.603789242e-12, -2.518780858e-13, 3.7422870993000005e-11, -1.5769333169999998e-10, -2.02036747e-15, 8.444146194e-16, 2.064809727e-05, -2.04721003e-06, -1.5819490566e-08, 1.0980354374e-09]
[0.0, -1.4434103178e-12, -2.060820702e-13, 5.082118283e-11, -1.927362943e-10, -1.487725137e-15, 9.38238466e-16, 2.064809727e-05, -2.04721003e-06, -1.5819490566e-08, 9.98214034e-10]
[0.0, -1.45799022e-12, -2.28980078e-13, 5.0312971001700006e-11, -1.927362943e-10, -1.8366977e-15, 7.67649654e-16, 2.5236563329999998e-05, -2.04721003e-06, -1.4381355060000001e-08, 8.983926306e-10]
[0.0, -1.603789242e-12, -1.8547386318e-13, 4.5739064547e-11, -1.5769333169999998e-10, -1.818330723e-15, 8.444146194e-16, 2.29423303e-05, -2.04721003e-06, -1.4381355060000001e-08, 9.98214034e-10]
[0.0, -1.603789242e-12, -2.060820702e-13, 5.082118283e-11, -2.1200992372999998e-10, -1.65302793e-15, 7.67649654e-16, 2.5236563329999998e-05, -2.04721003e-06, -1.4381355060000001e-08, 1.0980354374e-09]
[0.0, -1.312191198e-12, -2.28980078e-13, 4.5739064547e-11, -1.927362943e-10, -1.8366977e-15, 8.5294406e-16, 2.2712906997e-05, -2.251931033e-06, -1.59792834e-08, 1.0980354374e-09]
[0.0, -1.1809720782e-12, -2.28980078e-13, 4.1580967770000004e-11, -1.927362943e-10, -1.8366977e-15, 8.5294406e-16, 2.064809727e-05, -2.04721003e-06, -1.59792834e-08, 1.0980354374e-09]
[0.0, -1.7641681662e-12, -2.518780858e-13, 4.5739064547e-11, -1.75214813e-10, -2.02036747e-15, 8.444146194e-16, 2.064809727e-05, -2.04721003e-06, -1.757721174e-08, 9.98214034e-10]

After Selection:
[0.0, -1.4434103178e-12, -2.28980078e-13, 4.1580967770000004e-11, -1.7346266487e-10, -1.8366977e-15, 7.67649654e-16, 2.29423303e-05, -2.251931033e-06, -1.59792834e-08, 1.2078389811399999e-09]
[0.0, -1.7641681662e-12, -1.8547386318e-13, 4.1580967770000004e-11, -1.5769333169999998e-10, -2.2224042170000002e-15, 7.67649654e-16, 2.29423303e-05, -2.04721003e-06, -1.59792834e-08, 9.98214034e-10]
[0.0, -1.603789242e-12, -2.518780858e-13, 3.7422870993000005e-11, -1.5769333169999998e-10, -2.02036747e-15, 8.444146194e-16, 2.064809727e-05, -2.04721003e-06, -1.5819490566e-08, 1.0980354374e-09]
[0.0, -1.4434103178e-12, -2.060820702e-13, 5.082118283e-11, -1.927362943e-10, -1.487725137e-15, 9.38238466e-16, 2.064809727e-05, -2.04721003e-06, -1.5819490566e-08, 9.98214034e-10]
[0.0, -1.45799022e-12, -2.28980078e-13, 5.0312971001700006e-11, -1.927362943e-10, -1.8366977e-15, 7.67649654e-16, 2.5236563329999998e-05, -2.04721003e-06, -1.4381355060000001e-08, 8.983926306e-10]

After CrossOver:
[0.0, -1.4434103178e-12, -2.28980078e-13, 4.1580967770000004e-11, -1.7346266487e-10, -1.8366977e-15, 7.67649654e-16, 2.29423303e-05, -2.251931033e-06, -1.59792834e-08, 1.2078389811399999e-09]
[0.0, -1.7641681662e-12, -1.8547386318e-13, 4.1580967770000004e-11, -1.5769333169999998e-10, -2.2224042170000002e-15, 7.67649654e-16, 2.29423303e-05, -2.04721003e-06, -1.59792834e-08, 9.98214034e-10]
[0.0, -1.603789242e-12, -2.518780858e-13, 3.7422870993000005e-11, -1.5769333169999998e-10, -2.02036747e-15, 9.38238466e-16, 2.064809727e-05, -2.04721003e-06, -1.5819490566e-08, 9.98214034e-10]
[0.0, -1.4434103178e-12, -2.060820702e-13, 5.082118283e-11, -1.927362943e-10, -1.487725137e-15, 7.67649654e-16, 2.5236563329999998e-05, -2.04721003e-06, -1.4381355060000001e-08, 8.983926306e-10]
[0.0, -1.45799022e-12, -2.28980078e-13, 5.0312971001700006e-11, -1.927362943e-10, -1.8366977e-15, 7.67649654e-16, 2.29423303e-05, -2.251931033e-06, -1.59792834e-08, 1.2078389811399999e-09]
[0.0, -1.4434103178e-12, -2.28980078e-13, 4.1580967770000004e-11, -1.7346266487e-10, -1.8366977e-15, 7.67649654e-16, 2.29423303e-05, -2.04721003e-06, -1.59792834e-08, 9.98214034e-10]
[0.0, -1.7641681662e-12, -1.8547386318e-13, 4.1580967770000004e-11, -1.5769333169999998e-10, -2.2224042170000002e-15, 8.444146194e-16, 2.064809727e-05, -2.04721003e-06, -1.5819490566e-08, 1.0980354374e-09]
[0.0, -1.603789242e-12, -2.518780858e-13, 3.7422870993000005e-11, -1.5769333169999998e-10, -2.02036747e-15, 9.38238466e-16, 2.064809727e-05, -2.04721003e-06, -1.5819490566e-08, 9.98214034e-10]
[0.0, -1.4434103178e-12, -2.060820702e-13, 5.082118283e-11, -1.927362943e-10, -1.487725137e-15, 7.67649654e-16, 2.5236563329999998e-05, -2.04721003e-06, -1.4381355060000001e-08, 8.983926306e-10]
[0.0, -1.45799022e-12, -2.28980078e-13, 5.0312971001700006e-11, -1.927362943e-10, -1.8366977e-15, 7.67649654e-16, 2.29423303e-05, -2.251931033e-06, -1.59792834e-08, 1.2078389811399999e-09]

After Mutation:
